0, 0
 2009[03] (iiffi)[11020992, 1021960, 1.0, 180.0, 10]
 1003[03] (BBBii)[2, 3, 0, 1900, 1907]
 2009[03] (iiffi)[11020992, 1021960, 1.0, 180.0, 30]
 2004[37] (i)[1020675]
 1003[01] (BBBi)[1, 0, 0, 1910]
 2004[05] (iB)[1020960, 0]
 2003[02] (iB)[11212001, 0]
 2005[07] (ii)[1021000, 12]
 2003[02] (iB)[11020302, 1]
 2000[00] (iII)[0, 11020301, 0]
 2000[00] (iII)[0, 11025050, 0]
 2000[00] (iII)[0, 11020001, 0]
 2000[00] (iII)[0, 11020020, 0]
 2000[00] (iII)[0, 11020021, 0]
 2000[00] (iII)[0, 11020105, 0]
 2000[00] (iII)[0, 11020108, 0]
 2000[00] (iII|IIII)[0, 11020120, 11020120, 10010874, 1021465, 10010883, 2015]
 2000[00] (iII)[0, 11020350, 0]
 2000[00] (iII)[0, 11020351, 0]
 2000[00] (iII)[0, 11020352, 0]
 2000[00] (iIi|iff)[0, 11025200, 1020203, 1020203, 4.0, 0.0]
 2000[00] (iIi|iff)[1, 11025200, 1020203, 1020204, 4.0, 0.8999999761581421]
 2000[00] (iIi|iff)[2, 11025200, 1020205, 1020205, 3.0, 0.0]
 2000[00] (iIi|iff)[3, 11025200, 1020205, 1020206, 3.0, 0.699999988079071]
 2000[00] (iIi|iff)[6, 11025200, 1020200, 1020200, 11.0, 0.0]
 2000[00] (iIi|iff)[7, 11025200, 1020200, 1020201, 11.0, 1.5]
 2000[00] (iIi|iff)[8, 11025200, 1020202, 1020202, 7.0, 0.0]
 2000[00] (iIi|iff)[9, 11025200, 1020202, 1020214, 7.0, 1.100000023841858]
 2000[00] (iIi|iff)[10, 11025200, 1020209, 1020209, 11.0, 0.0]
 2000[00] (iIi|iff)[11, 11025200, 1020209, 1020210, 11.0, 0.800000011920929]
 2000[00] (iIi|iff)[12, 11025200, 1020209, 1020211, 11.0, 1.5]
 2000[00] (iIi|iff)[13, 11025200, 1020209, 1020212, 11.0, 2.200000047683716]
 2000[00] (iIi|iff)[14, 11025200, 1020213, 1020213, 3.0, 0.0]
 2000[00] (iII)[0, 11022000, 0]
 2000[00] (iII)[0, 11022001, 0]
 2000[00] (iII)[0, 11022002, 0]
 2000[00] (iII)[0, 11022003, 0]
 2000[00] (iII)[0, 11022004, 0]
 2000[00] (iII)[0, 11022010, 0]
 2000[00] (iII)[0, 11022008, 0]
 2000[00] (iII)[0, 11022006, 0]
 2000[00] (iII)[0, 11022007, 0]

50, 0
 2003[36] (i)[4700]
 2003[36] (i)[4530]
 2003[22] (iiB)[50004000, 50004069, 1]
 2005[07] (ii)[1021690, 0]
 2005[06] (iiB)[1021690, -1, 0]
 2003[02] (iB)[11020120, 1]
 2003[02] (iB)[61020120, 1]
 2000[00] (iII)[0, 11022005, 0]
 2000[00] (iII)[0, 11020110, 0]
 2000[00] (iII|III)[0, 11020555, 6060, 1140, 1169, 1141]
 2000[00] (iII|III)[0, 11020556, 6060, 1140, 1169, 1146]
 2000[00] (iII|III)[0, 11020557, 6060, 1140, 1169, 1142]
 2000[00] (iII|III)[0, 11020558, 6060, 1140, 1169, 1145]
 2000[00] (iIi|i)[8, 11020504, 6240, 1411]
 2000[00] (iIi|iii)[8, 11020530, 6240, 1410, 1413, 1412]
 2004[15] (iB)[6330, 1]
 2004[10] (iB)[6330, 0]
 1003[01] (BBBi)[2, 1, 0, 1644]
 1003[01] (BBBi)[1, 1, 0, 1647]
 1000[03] (B)[1]
 2004[05] (iB)[6330, 0]
 2000[00] (iIi|iii)[0, 11020420, 6330, 1640, 1649, 1641]
 2000[00] (iIi|iii)[0, 11020421, 6330, 1640, 1649, 1642]
 2000[00] (iIi|iii)[0, 11020422, 6330, 1640, 1649, 1643]
 2000[00] (iIi|iii)[0, 11020423, 6330, 1640, 1649, 1644]
 2000[00] (iII)[0, 11022009, 0]
 2000[00] (iII)[0, 11026210, 0]

11020300, 0
 1003[01] (BBBi)[2, 0, 1, 0]
 2000[00] (iII)[0, 11020301, 0]
 1000[04] (B)[0]
 0003[00] (bBBi)[1, 0, 1, 0]
 0003[02] (bBii)[1, 1, 10000, 1022003]
 0000[00] (bBb)[0, 1, 1]
 2003[02] (iB)[11020300, 1]
 2003[02] (iB)[11020302, 1]
 2003[18] (iiBBB)[1021000, 0, 0, 1, 0]
 0003[02] (bBii)[2, 0, 10000, 1022001]
 0003[02] (bBii)[2, 0, 10000, 1022002]
 0000[00] (bBb)[0, 1, 2]
 2003[18] (iiBBB)[1021000, 22, 0, 1, 0]
 1000[04] (B)[1]

11020301, 0
 0003[06] (bb)[1, 3]
 0003[00] (bBBi)[1, 0, 0, 11020302]
 0003[02] (bBii)[1, 1, 10000, 1022000]
 0003[06] (bb)[2, 3]
 0003[00] (bBBi)[2, 1, 0, 11020302]
 0003[02] (bBii)[2, 1, 10000, 1022001]
 0003[06] (bb)[3, 3]
 0003[00] (bBBi)[3, 1, 0, 11020302]
 0003[02] (bBii)[3, 1, 10000, 1022002]
 0003[06] (bb)[4, 3]
 0003[00] (bBBi)[4, 0, 0, 11020302]
 0003[02] (bBii)[4, 1, 10000, 1022003]
 0000[00] (bBb)[-1, 1, 1]
 0000[00] (bBb)[-1, 1, 2]
 0000[00] (bBb)[-1, 1, 3]
 0000[00] (bBb)[-1, 1, 4]
 0000[00] (bBb)[0, 1, -1]
 1000[09] (f)[3.0]
 1000[07] (BBb)[8, 1, 2]
 1000[07] (BBb)[7, 1, 3]
 2003[02] (iB)[11020302, 1]
 2003[18] (iiBBB)[1021000, 2, 0, 1, 0]
 0003[02] (bBii)[5, 0, 10000, 1022001]
 0003[02] (bBii)[5, 0, 10000, 1022002]
 0000[00] (bBb)[0, 1, 5]
 2003[18] (iiBBB)[1021000, 22, 0, 1, 0]
 1000[04] (B)[1]
 2003[02] (iB)[11020302, 0]
 2003[18] (iiBBB)[1021000, 1, 0, 1, 0]
 0003[02] (bBii)[6, 0, 10000, 1022000]
 0003[02] (bBii)[6, 0, 10000, 1022003]
 0000[00] (bBb)[0, 1, 6]
 2003[18] (iiBBB)[1021000, 21, 0, 1, 0]
 1000[04] (B)[1]

11025050, 1
 2004[12] (iB)[1020100, 1]
 0004[02] (bibf)[0, 1020100, 5, 0.30000001192092896]
 2003[18] (iiBBB)[1020100, 7000, 0, 1, 0]
 2004[05] (iB)[1020100, 0]

11020001, 0
 2000[02] (B)[0]
 1003[02] (BBBi)[0, 1, 1, 0]
 1003[07] (BBBB)[2, 1, 18, 1]
 0003[08] (bBBB)[0, 1, 10, 2]
 2003[02] (iB)[11810000, 1]
 2004[29] (iB)[6001, 1]
 2004[29] (iB)[6031, 1]
 2004[29] (iB)[6060, 1]
 2004[29] (iB)[6321, 1]
 2004[29] (iB)[6281, 1]
 2004[29] (iB)[6171, 1]
 2004[29] (iB)[6581, 1]
 2004[29] (iB)[1020527, 1]
 2004[29] (iB)[1020452, 1]
 2004[29] (iB)[6330, 1]
 2010[03] (iB)[1023800, 0]
 0003[00] (bBBi)[0, 1, 0, 11810000]
 2010[03] (iB)[1023800, 1]
 2003[02] (iB)[11020001, 1]
 1001[00] (f)[3.0]
 2004[29] (iB)[6001, 0]
 2004[29] (iB)[6031, 0]
 2004[29] (iB)[6060, 0]
 2004[29] (iB)[6321, 0]
 2004[29] (iB)[6281, 0]
 2004[29] (iB)[6171, 0]
 2004[29] (iB)[6581, 0]
 2004[29] (iB)[1020527, 0]
 2004[29] (iB)[1020452, 0]
 2004[29] (iB)[6330, 0]
 2003[02] (iB)[200, 1]

11025200, 1
 1003[01] (BBBi)[2, 0, 2, 0]
 2004[09] (iiiiii)[0, -1, -1, -1, -1, -1]
    ^(0 <- 4, 4)
 1000[04] (B)[0]
 0003[03] (bBiif)[0, 1, 10000, 0, 0.0]
    ^(8 <- 0, 4)
    ^(12 <- 8, 4)
 2000[02] (B)[0]
 1001[00] (f)[0.0]
    ^(0 <- 12, 4)
 2004[09] (iiiiii)[0, -1, -1, 9061, -1, -1]
    ^(0 <- 4, 4)

11020020, 0
 0003[05] (biifhfiBi)[0, 1, 1022120, 0.0, -1, 0.0, 10010506, 48, 0]
 2004[09] (iiiiii)[10000, 7816, -1, -1, -1, -1]
 2003[18] (iiBBB)[10000, 7815, 0, 1, 0]
 2003[02] (iB)[11025060, 1]
 1001[01] (i)[3]
 0003[05] (biifhfiBi)[1, 1, 1022120, 0.0, -1, 0.0, 10010507, 48, 0]
 0003[02] (bBii)[2, 0, 10000, 1022120]
 0000[00] (bBb)[-1, 1, 1]
 0000[00] (bBb)[-1, 1, 2]
 0000[00] (bBb)[0, 1, -1]
 2003[02] (iB)[11025060, 0]
 2003[08] (iiB)[11020021, 0, 1]
 2004[09] (iiiiii)[10000, -1, -1, -1, -1, -1]
 1000[07] (BBb)[1, 1, 2]
 2003[18] (iiBBB)[10000, 7817, 0, 1, 0]
 1000[04] (B)[1]

11020021, 0
 2000[02] (B)[0]
 0003[00] (bBBi)[0, 1, 0, 11025060]
 1003[01] (BBBi)[1, 1, 0, 11020000]
 1001[00] (f)[5.0]
 2002[03] (iIi)[100230, 0, 10000]
 1001[01] (i)[1]
 2003[02] (iB)[11020000, 1]
 2003[02] (iB)[11025060, 0]
 2004[09] (iiiiii)[10000, -1, -1, -1, -1, -1]
 0004[05] (biiB)[1, 10000, 4708, 1]
 1000[01] (BBb)[2, 0, 1]
 2003[14] (BBi)[17, 0, -1]
 1000[03] (B)[1]
 2003[14] (BBi)[15, 1, -1]
 1000[04] (B)[1]

11020105, 0
 2005[04] (iB)[1021300, 0]
 2005[03] (iB)[1021961, 0]
 1000[04] (B)[0]

11020106, 0
 2000[02] (B)[0]
 0003[00] (bBBi)[1, 1, 0, 11020100]
 0003[00] (bBBi)[1, 0, 0, 11020101]
 0003[05] (biifhfiBi)[1, 0, 1021960, 180.0, -1, 3.4000000953674316, 10010182, 48, 0]
 0000[00] (bBb)[0, 1, 1]
 2007[01] (ihhif)[10010184, 0, 6, 1021960, 3.4000000953674316]
 1000[04] (B)[1]

11020108, 0
 1003[02] (BBBi)[0, 1, 1, 0]
 0003[00] (bBBi)[-1, 1, 0, 71020022]
 0003[00] (bBBi)[-1, 1, 0, 71020023]
 0000[00] (bBb)[0, 1, -1]
 1000[04] (B)[0]

11020120, 0
 1003[01] (BBBi)[6, 0, 2, 0]
 2005[14] (iiiB)[0, -1, 0, 0]
    ^(0 <- 8, 4)
 2005[14] (iiiB)[0, -1, 1, 0]
    ^(0 <- 8, 4)
 2005[14] (iiiB)[0, -1, 2, 0]
    ^(0 <- 8, 4)
 2005[14] (iiiB)[0, -1, 3, 0]
    ^(0 <- 8, 4)
 2005[07] (ii)[0, 0]
    ^(0 <- 8, 4)
 1000[04] (B)[0]
 0003[06] (bb)[1, 0]
 0005[02] (bi)[1, 0]
    ^(4 <- 0, 4)
 0000[00] (bBb)[0, 1, 1]
 2003[02] (iB)[0, 1]
    ^(0 <- 0, 4)
 1003[05] (Bb)[5, 1]
 0003[04] (bBiB)[1, 3, 0, 1]
    ^(4 <- 16, 4)
 1000[01] (BBb)[2, 1, 1]
 2007[01] (ihhif)[0, 0, 6, 0, 3.0]
    ^(0 <- 12, 4)
    ^(8 <- 8, 4)
 1000[03] (B)[1]
 2007[01] (ihhif)[0, 0, 6, 0, 3.0]
    ^(0 <- 4, 4)
    ^(8 <- 8, 4)
 2000[02] (B)[0]
 1001[00] (f)[2.0]
 2005[14] (iiiB)[0, -1, 0, 0]
    ^(0 <- 8, 4)
 2005[14] (iiiB)[0, -1, 1, 0]
    ^(0 <- 8, 4)
 2005[14] (iiiB)[0, -1, 2, 0]
    ^(0 <- 8, 4)
 2005[14] (iiiB)[0, -1, 3, 0]
    ^(0 <- 8, 4)

11020350, 0
 1003[01] (BBBi)[3, 0, 0, 1911]
 2005[03] (iB)[1021481, 0]
 2011[01] (iB)[1023510, 0]
 1000[04] (B)[0]
 1003[01] (BBBi)[5, 1, 1, 0]
 2005[03] (iB)[1021481, 0]
 2011[01] (iB)[1023510, 0]
 0003[10] (bBiibi)[0, 0, 1900, 1907, 4, 3]
 2005[03] (iB)[1021481, 1]
 2011[01] (iB)[1023510, 1]
 2005[03] (iB)[1021480, 0]
 2011[01] (iB)[1023500, 0]
 2012[01] (iB)[1023501, 0]
 2011[01] (iB)[1023502, 0]

11020351, 0
 1003[01] (BBBi)[2, 0, 0, 0]
 2011[01] (iB)[0, 0]
 2011[01] (iB)[0, 0]
 0003[02] (bBii)[0, 1, 10000, 1022111]
 1003[01] (BBBi)[2, 1, 0, 11022009]
 2004[04] (iB)[10000, 0]
 1000[04] (B)[0]
 2003[14] (BBi)[12, 1, -1]
 1001[01] (i)[1]
 1000[04] (B)[1]

11020352, 0
 0003[00] (bBBi)[0, 1, 0, 11022009]
 2011[01] (iB)[1023600, 0]
 2011[01] (iB)[1023601, 0]

11020700, 0
 1003[01] (BBBi)[4, 0, 2, 0]
 2005[07] (ii)[0, 0]
    ^(0 <- 0, 4)
 2005[06] (iiB)[0, -1, 0]
    ^(0 <- 0, 4)
 2005[04] (iB)[0, 1]
    ^(0 <- 0, 4)
 1000[04] (B)[0]
 2005[04] (iB)[0, 0]
    ^(0 <- 0, 4)
 0005[02] (bi)[0, 0]
    ^(4 <- 4, 4)
 1001[01] (i)[10]
 2005[04] (iB)[0, 1]
    ^(0 <- 0, 4)

11025150, 1
 0003[02] (bBii)[0, 1, 10000, 1022710]
 2004[17] (iiB)[1020190, 1, 3]
 2004[17] (iiB)[1020160, 1, 3]
 2004[17] (iiB)[1020161, 1, 3]
 2004[17] (iiB)[1020163, 1, 3]
 2004[17] (iiB)[1020165, 1, 3]
 2004[17] (iiB)[1020166, 1, 3]
 2004[20] (i)[1020190]
 2004[20] (i)[1020160]
 2004[20] (i)[1020161]
 2004[20] (i)[1020163]
 2004[20] (i)[1020165]
 2004[20] (i)[1020166]
 0003[02] (bBii)[0, 0, 10000, 1022710]
 2004[17] (iiB)[1020190, -1, 3]
 2004[17] (iiB)[1020160, -1, 3]
 2004[17] (iiB)[1020161, -1, 3]
 2004[17] (iiB)[1020163, -1, 3]
 2004[17] (iiB)[1020165, -1, 3]
 2004[17] (iiB)[1020166, -1, 3]
 2004[20] (i)[1020190]
 2004[20] (i)[1020160]
 2004[20] (i)[1020161]
 2004[20] (i)[1020163]
 2004[20] (i)[1020165]
 2004[20] (i)[1020166]
 1000[04] (B)[1]

11020510, 0
 0004[02] (bibf)[1, 0, 5, 0.8999999761581421]
    ^(4 <- 0, 4)
 0004[02] (bibf)[1, 0, 2, 0.0]
    ^(4 <- 0, 4)
 0004[01] (bii)[1, 0, 10000]
    ^(4 <- 0, 4)
 0003[00] (bBBi)[2, 1, 0, 0]
    ^(4 <- 4, 4)
 0003[00] (bBBi)[2, 1, 2, 0]
 0003[00] (bBBi)[3, 1, 0, 0]
    ^(4 <- 4, 4)
 0003[00] (bBBi)[3, 0, 2, 0]
 0000[00] (bBb)[-1, 1, 1]
 0000[00] (bBb)[-1, 1, 2]
 0000[00] (bBb)[-1, 1, 3]
 0000[00] (bBb)[0, 1, -1]
 1000[07] (BBb)[2, 0, 3]
 2004[05] (iB)[0, 0]
    ^(0 <- 0, 4)
 0003[00] (bBBi)[0, 1, 0, 703]
 2003[02] (iB)[0, 1]
    ^(0 <- 4, 4)
 2004[02] (ib)[0, 9]
    ^(0 <- 0, 4)
 2000[05] (B)[0]

11020530, 0
 1003[01] (BBBi)[2, 0, 2, 0]
 2004[37] (i)[0]
    ^(0 <- 0, 4)
 1000[04] (B)[0]
 0004[02] (bibf)[1, 0, 5, 0.0]
    ^(4 <- 0, 4)
 0003[02] (bBii)[2, 1, 0, 1022300]
    ^(4 <- 0, 4)
 0000[00] (bBb)[-1, 1, 1]
 0000[00] (bBb)[-1, 1, 2]
 0000[00] (bBb)[0, 1, -1]
 1000[07] (BBb)[2, 1, 1]
 2004[04] (iB)[0, 1]
    ^(0 <- 0, 4)
 2004[10] (iB)[0, 0]
    ^(0 <- 0, 4)
 2003[22] (iiB)[0, 0, 0]
    ^(0 <- 4, 4)
    ^(4 <- 8, 4)
 2003[02] (iB)[0, 1]
    ^(0 <- 12, 4)

11020501, 0
 0003[00] (bBBi)[1, 1, 0, 11010902]
 0003[00] (bBBi)[1, 0, 0, 11020693]
 0003[00] (bBBi)[1, 0, 0, 1176]
 0003[01] (bBBii)[1, 1, 0, 1193, 1196]
 0004[02] (bibf)[2, 6070, 5, 0.8999999761581421]
 1003[01] (BBBi)[1, 1, 0, 1177]
 0004[01] (bii)[2, 6070, 10000]
 0004[02] (bibf)[3, 6080, 5, 0.8999999761581421]
 1003[01] (BBBi)[1, 1, 0, 1198]
 0004[01] (bii)[3, 6080, 10000]
 0004[02] (bibf)[4, 6090, 5, 0.8999999761581421]
 1003[01] (BBBi)[1, 1, 0, 1214]
 0004[01] (bii)[4, 6090, 10000]
 0004[02] (bibf)[5, 6100, 5, 0.8999999761581421]
 1003[01] (BBBi)[1, 1, 0, 1224]
 0004[01] (bii)[5, 6100, 10000]
 0003[00] (bBBi)[6, 1, 0, 1197]
 0000[00] (bBb)[-1, 1, 2]
 0000[00] (bBb)[-1, 1, 3]
 0000[00] (bBb)[-1, 1, 4]
 0000[00] (bBb)[-1, 1, 5]
 0000[00] (bBb)[-1, 1, 6]
 0000[00] (bBb)[1, 1, -1]
 0003[00] (bBBi)[7, 1, 1, 0]
 0000[00] (bBb)[-2, 1, 1]
 0000[00] (bBb)[-2, 1, 7]
 0000[00] (bBb)[0, 1, -2]
 1003[01] (BBBi)[2, 1, 0, 1177]
 2003[02] (iB)[1176, 1]
 2004[05] (iB)[6070, 1]
 2004[02] (ib)[6070, 9]
 1003[01] (BBBi)[2, 1, 0, 1198]
 2003[02] (iB)[1197, 1]
 2004[05] (iB)[6080, 1]
 2004[02] (ib)[6080, 9]
 1003[01] (BBBi)[2, 1, 0, 1214]
 2003[02] (iB)[1213, 1]
 2004[05] (iB)[6090, 1]
 2004[02] (ib)[6090, 9]
 1003[01] (BBBi)[2, 1, 0, 1224]
 2003[02] (iB)[1223, 1]
 2004[05] (iB)[6100, 1]
 2004[02] (ib)[6100, 9]
 2000[05] (B)[0]

11020502, 0
 0003[00] (bBBi)[7, 0, 0, 11010902]
 0003[00] (bBBi)[7, 0, 0, 1195]
 0003[00] (bBBi)[7, 0, 0, 1197]
 0003[00] (bBBi)[7, 1, 0, 1202]
 0003[00] (bBBi)[6, 1, 0, 11010902]
 0003[00] (bBBi)[6, 0, 0, 1195]
 0003[00] (bBBi)[6, 0, 0, 1197]
 0003[00] (bBBi)[6, 1, 0, 1193]
 0000[00] (bBb)[-2, 1, 7]
 0000[00] (bBb)[-2, 1, 6]
 0000[00] (bBb)[1, 1, -2]
 0004[02] (bibf)[1, 0, 5, 0.8999999761581421]
    ^(4 <- 0, 4)
 0004[02] (bibf)[1, 0, 2, 0.0]
    ^(4 <- 0, 4)
 0004[01] (bii)[1, 0, 10000]
    ^(4 <- 0, 4)
 0003[00] (bBBi)[1, 0, 1, 0]
 0003[00] (bBBi)[2, 1, 0, 0]
    ^(4 <- 4, 4)
 0003[00] (bBBi)[2, 1, 1, 0]
 0000[00] (bBb)[-1, 1, 1]
 0000[00] (bBb)[-1, 1, 2]
 0000[00] (bBb)[0, 1, -1]
 2003[02] (iB)[0, 1]
    ^(0 <- 4, 4)
 2004[02] (ib)[0, 9]
    ^(0 <- 0, 4)
 2000[05] (B)[0]

11020503, 0
 0003[00] (bBBi)[1, 0, 0, 1197]
 0003[00] (bBBi)[1, 1, 0, 1194]
 0004[02] (bibf)[1, 0, 5, 0.8999999761581421]
    ^(4 <- 0, 4)
 0004[02] (bibf)[1, 0, 2, 0.0]
    ^(4 <- 0, 4)
 0004[01] (bii)[1, 0, 10000]
    ^(4 <- 0, 4)
 0003[00] (bBBi)[2, 1, 0, 0]
    ^(4 <- 4, 4)
 0003[00] (bBBi)[2, 1, 1, 0]
 0000[00] (bBb)[-1, 1, 1]
 0000[00] (bBb)[-1, 1, 2]
 0000[00] (bBb)[0, 1, -1]
 2003[02] (iB)[0, 1]
    ^(0 <- 4, 4)
 2004[02] (ib)[0, 9]
    ^(0 <- 0, 4)
 2000[05] (B)[0]

11020504, 1
 0004[02] (bibf)[1, 0, 5, 0.8999999761581421]
    ^(4 <- 0, 4)
 0004[02] (bibf)[1, 0, 2, 0.0]
    ^(4 <- 0, 4)
 0004[01] (bii)[1, 0, 10000]
    ^(4 <- 0, 4)
 0000[00] (bBb)[0, 1, 1]
 2004[02] (ib)[0, 6]
    ^(0 <- 0, 4)
 2004[13] (ii)[0, 1022700]
    ^(0 <- 0, 4)
 2004[17] (iiB)[0, 1, 0]
    ^(0 <- 0, 4)
 2004[20] (i)[0]
    ^(0 <- 0, 4)
 0003[02] (bBii)[0, 1, 0, 1022700]
    ^(4 <- 0, 4)
 2004[17] (iiB)[0, -1, 0]
    ^(0 <- 0, 4)
 2004[20] (i)[0]
    ^(0 <- 0, 4)

11020550, 0
 0003[00] (bBBi)[1, 0, 0, 1096]
 0003[00] (bBBi)[1, 0, 0, 1099]
 0003[00] (bBBi)[1, 1, 0, 1091]
 0003[00] (bBBi)[1, 1, 0, 11500594]
 0000[00] (bBb)[0, 1, 1]
 2003[22] (iiB)[0, 0, 0]
    ^(0 <- 4, 4)
    ^(4 <- 8, 4)
 2003[02] (iB)[0, 1]
    ^(0 <- 12, 4)
 2004[05] (iB)[0, 1]
    ^(0 <- 0, 4)

11020551, 0
 0003[00] (bBBi)[1, 0, 0, 1096]
 0003[00] (bBBi)[1, 0, 0, 1099]
 0003[00] (bBBi)[1, 1, 0, 1092]
 0003[00] (bBBi)[1, 1, 0, 11020603]
 0003[08] (bBBB)[1, 0, 10, 2]
 0000[00] (bBb)[0, 1, 1]
 2003[22] (iiB)[0, 0, 0]
    ^(0 <- 4, 4)
    ^(4 <- 8, 4)
 2003[02] (iB)[0, 1]
    ^(0 <- 12, 4)
 2003[02] (iB)[11020694, 1]
 2004[05] (iB)[0, 0]
    ^(0 <- 0, 4)

11020552, 0
 0003[00] (bBBi)[1, 0, 0, 1114]
 0003[00] (bBBi)[1, 0, 0, 1117]
 0003[00] (bBBi)[1, 1, 0, 1111]
 0003[08] (bBBB)[1, 1, 10, 2]
 0000[00] (bBb)[0, 1, 1]
 2003[22] (iiB)[0, 0, 0]
    ^(0 <- 4, 4)
    ^(4 <- 8, 4)
 2003[02] (iB)[0, 1]
    ^(0 <- 12, 4)
 2004[05] (iB)[0, 1]
    ^(0 <- 0, 4)

11020553, 0
 0003[00] (bBBi)[1, 0, 0, 1114]
 0003[00] (bBBi)[1, 0, 0, 1117]
 0003[00] (bBBi)[1, 1, 0, 1112]
 0003[00] (bBBi)[1, 1, 0, 11020694]
 0000[00] (bBb)[0, 1, 1]
 2003[22] (iiB)[0, 0, 0]
    ^(0 <- 4, 4)
    ^(4 <- 8, 4)
 2003[02] (iB)[0, 1]
    ^(0 <- 12, 4)
 2004[05] (iB)[0, 1]
    ^(0 <- 0, 4)

11020554, 0
 0003[00] (bBBi)[1, 0, 0, 1114]
 0003[00] (bBBi)[1, 0, 0, 1117]
 0003[00] (bBBi)[1, 1, 0, 1113]
 0003[00] (bBBi)[1, 1, 0, 723]
 0003[08] (bBBB)[1, 1, 15, 0]
 1000[02] (BBb)[0, 0, 1]
 2003[22] (iiB)[0, 0, 0]
    ^(0 <- 4, 4)
    ^(4 <- 8, 4)
 2003[02] (iB)[0, 1]
    ^(0 <- 12, 4)
 2004[05] (iB)[0, 0]
    ^(0 <- 0, 4)

11020555, 0
 0003[00] (bBBi)[1, 1, 0, 1140]
 0003[00] (bBBi)[1, 0, 0, 1574]
 0003[00] (bBBi)[1, 0, 0, 1575]
 0003[00] (bBBi)[2, 1, 0, 812]
 0003[00] (bBBi)[2, 1, 0, 813]
 0000[00] (bBb)[-1, 1, 2]
 0003[00] (bBBi)[-1, 1, 0, 11500200]
 0000[00] (bBb)[1, 1, -1]
 0004[00] (biB)[1, 0, 0]
    ^(4 <- 0, 4)
 0000[00] (bBb)[0, 1, 1]
 2003[22] (iiB)[0, 0, 0]
    ^(0 <- 4, 4)
    ^(4 <- 8, 4)
 2003[02] (iB)[0, 1]
    ^(0 <- 12, 4)

11020556, 0
 0003[00] (bBBi)[1, 1, 0, 1141]
 0003[00] (bBBi)[1, 1, 0, 810]
 0004[00] (biB)[1, 0, 0]
    ^(4 <- 0, 4)
 0000[00] (bBb)[0, 1, 1]
 2003[22] (iiB)[0, 0, 0]
    ^(0 <- 4, 4)
    ^(4 <- 8, 4)
 2003[02] (iB)[0, 1]
    ^(0 <- 12, 4)

11020557, 0
 0003[00] (bBBi)[1, 1, 0, 1146]
 0003[00] (bBBi)[1, 1, 0, 11020609]
 0004[00] (biB)[1, 0, 0]
    ^(4 <- 0, 4)
 0000[00] (bBb)[0, 1, 1]
 2003[22] (iiB)[0, 0, 0]
    ^(0 <- 4, 4)
    ^(4 <- 8, 4)
 2003[02] (iB)[0, 1]
    ^(0 <- 12, 4)

11020558, 0
 0003[00] (bBBi)[1, 1, 0, 1142]
 0003[00] (bBBi)[1, 1, 0, 11800200]
 0004[00] (biB)[1, 0, 0]
    ^(4 <- 0, 4)
 0000[00] (bBb)[0, 1, 1]
 2003[22] (iiB)[0, 0, 0]
    ^(0 <- 4, 4)
    ^(4 <- 8, 4)
 2003[02] (iB)[0, 1]
    ^(0 <- 12, 4)

11020559, 0
 0003[00] (bBBi)[1, 1, 0, 1170]
 0003[00] (bBBi)[1, 1, 0, 11010902]
 0000[00] (bBb)[0, 1, 1]
 2003[22] (iiB)[1170, 1189, 0]
 2003[02] (iB)[1171, 1]
 2004[05] (iB)[6070, 1]
 2003[22] (iiB)[1210, 1219, 0]
 2003[02] (iB)[1211, 1]
 2004[05] (iB)[6090, 1]
 2003[22] (iiB)[1220, 1229, 0]
 2003[02] (iB)[1221, 1]
 2004[05] (iB)[6100, 1]

11020560, 0
 0003[01] (bBBii)[7, 1, 0, 1176, 1181]
 0003[00] (bBBi)[7, 1, 0, 1171]
 0003[01] (bBBii)[7, 1, 0, 1195, 1198]
 0003[00] (bBBi)[7, 1, 0, 1202]
 0003[01] (bBBii)[7, 1, 0, 1213, 1215]
 0003[00] (bBBi)[7, 1, 0, 1211]
 0003[01] (bBBii)[7, 1, 0, 1223, 1225]
 0003[00] (bBBi)[7, 1, 0, 1221]
 0000[00] (bBb)[1, 1, 7]
 0003[00] (bBBi)[1, 1, 0, 11020600]
 0003[00] (bBBi)[1, 0, 1, 0]
 0000[00] (bBb)[2, 1, 7]
 0003[00] (bBBi)[2, 1, 0, 11300005]
 0000[00] (bBb)[3, 1, 7]
 0003[00] (bBBi)[3, 1, 1, 0]
 0000[00] (bBb)[-1, 1, 1]
 0000[00] (bBb)[-1, 1, 2]
 0000[00] (bBb)[-1, 1, 3]
 0000[00] (bBb)[0, 1, -1]
 1000[08] (BBb)[0, 1, 1]
 2003[32] (iI)[600, 4]
 2003[02] (iB)[11020693, 1]
 2003[22] (iiB)[1170, 1189, 0]
 2003[02] (iB)[1173, 1]
 2004[05] (iB)[6070, 0]
 2003[22] (iiB)[1190, 1209, 0]
 2003[02] (iB)[1192, 1]
 2004[05] (iB)[6080, 0]
 2003[22] (iiB)[1210, 1219, 0]
 2003[02] (iB)[1216, 1]
 2004[05] (iB)[6090, 0]
 2003[22] (iiB)[1220, 1229, 0]
 2003[02] (iB)[1226, 1]
 2004[05] (iB)[6100, 0]

11020564, 0
 0003[00] (bBBi)[1, 0, 0, 1195]
 0003[00] (bBBi)[1, 0, 0, 1197]
 0003[00] (bBBi)[1, 1, 0, 1192]
 1000[02] (BBb)[0, 0, 1]
 1003[01] (BBBi)[2, 1, 0, 11020692]
 2003[02] (iB)[11020692, 1]
 1000[04] (B)[0]
 2003[22] (iiB)[0, 0, 0]
    ^(0 <- 4, 4)
    ^(4 <- 8, 4)
 2003[02] (iB)[0, 1]
    ^(0 <- 12, 4)
 2004[05] (iB)[0, 1]
    ^(0 <- 0, 4)

11020565, 0
 0003[00] (bBBi)[1, 0, 0, 1195]
 0003[00] (bBBi)[1, 0, 0, 1197]
 0003[00] (bBBi)[1, 1, 0, 1193]
 0003[00] (bBBi)[1, 1, 0, 11020608]
 0000[00] (bBb)[0, 1, 1]
 2003[22] (iiB)[0, 0, 0]
    ^(0 <- 4, 4)
    ^(4 <- 8, 4)
 2003[02] (iB)[0, 1]
    ^(0 <- 12, 4)
 2004[05] (iB)[0, 1]
    ^(0 <- 0, 4)

11020567, 0
 0003[00] (bBBi)[-2, 1, 0, 1194]
 0003[00] (bBBi)[-2, 1, 0, 1195]
 0000[00] (bBb)[1, 1, -2]
 0004[02] (bibf)[1, 0, 5, 0.0]
    ^(4 <- 0, 4)
 0003[00] (bBBi)[2, 1, 0, 1196]
 0000[00] (bBb)[-1, 1, 1]
 0000[00] (bBb)[-1, 1, 2]
 0000[00] (bBb)[0, 1, -1]
 2003[22] (iiB)[0, 0, 0]
    ^(0 <- 4, 4)
    ^(4 <- 8, 4)
 2003[02] (iB)[0, 1]
    ^(0 <- 12, 4)
 1000[08] (BBb)[0, 1, 1]
 2004[37] (i)[0]
    ^(0 <- 0, 4)

11020569, 0
 0003[00] (bBBi)[1, 0, 0, 1194]
 0003[00] (bBBi)[1, 0, 0, 1195]
 0003[00] (bBBi)[1, 0, 0, 1196]
 0004[02] (bibf)[1, 0, 5, 0.0]
    ^(4 <- 0, 4)
 0003[00] (bBBi)[2, 1, 0, 1198]
 0000[00] (bBb)[-1, 1, 1]
 0000[00] (bBb)[-1, 1, 2]
 0000[00] (bBb)[0, 1, -1]
 2003[22] (iiB)[0, 0, 0]
    ^(0 <- 4, 4)
    ^(4 <- 8, 4)
 2003[02] (iB)[0, 1]
    ^(0 <- 12, 4)
 1000[08] (BBb)[0, 1, 1]
 2004[37] (i)[0]
    ^(0 <- 0, 4)

11020574, 0
 0003[00] (bBBi)[1, 0, 0, 1253]
 0003[00] (bBBi)[1, 1, 0, 1251]
 0003[08] (bBBB)[1, 1, 10, 2]
 0000[00] (bBb)[0, 1, 1]
 2003[22] (iiB)[0, 0, 0]
    ^(0 <- 4, 4)
    ^(4 <- 8, 4)
 2003[02] (iB)[0, 1]
    ^(0 <- 12, 4)
 2004[05] (iB)[0, 1]
    ^(0 <- 0, 4)

11020575, 0
 0003[00] (bBBi)[1, 0, 0, 1253]
 0003[00] (bBBi)[1, 1, 0, 1252]
 0003[00] (bBBi)[1, 1, 0, 11020102]
 0003[00] (bBBi)[1, 1, 0, 11020103]
 0004[00] (biB)[1, 0, 0]
    ^(4 <- 0, 4)
 0000[00] (bBb)[0, 1, 1]
 2003[22] (iiB)[0, 0, 0]
    ^(0 <- 4, 4)
    ^(4 <- 8, 4)
 2003[02] (iB)[0, 1]
    ^(0 <- 12, 4)

11020576, 0
 0003[00] (bBBi)[1, 0, 0, 1314]
 0003[00] (bBBi)[1, 1, 0, 1312]
 0003[00] (bBBi)[1, 1, 0, 11600593]
 0003[08] (bBBB)[1, 1, 10, 2]
 0000[00] (bBb)[0, 1, 1]
 2003[22] (iiB)[0, 0, 0]
    ^(0 <- 4, 4)
    ^(4 <- 8, 4)
 2003[02] (iB)[0, 1]
    ^(0 <- 12, 4)
 2004[05] (iB)[0, 1]
    ^(0 <- 0, 4)

11020577, 0
 0003[00] (bBBi)[1, 0, 0, 1461]
 0003[00] (bBBi)[1, 0, 0, 1464]
 0003[00] (bBBi)[1, 1, 0, 1460]
 0003[00] (bBBi)[1, 1, 0, 11020597]
 0003[08] (bBBB)[1, 0, 10, 2]
 0000[00] (bBb)[0, 1, 1]
 2003[22] (iiB)[0, 0, 0]
    ^(0 <- 4, 4)
    ^(4 <- 8, 4)
 2003[02] (iB)[0, 1]
    ^(0 <- 12, 4)
 2004[05] (iB)[0, 0]
    ^(0 <- 0, 4)

11020579, 0
 0003[00] (bBBi)[1, 0, 0, 1512]
 0003[00] (bBBi)[1, 1, 0, 1494]
 0003[00] (bBBi)[1, 1, 0, 11510590]
 0000[00] (bBb)[0, 1, 1]
 2003[22] (iiB)[0, 0, 0]
    ^(0 <- 4, 4)
    ^(4 <- 8, 4)
 2003[02] (iB)[0, 1]
    ^(0 <- 12, 4)
 2004[05] (iB)[0, 1]
    ^(0 <- 0, 4)

11020583, 0
 0003[00] (bBBi)[1, 0, 0, 1547]
 0003[00] (bBBi)[1, 1, 0, 1542]
 0003[00] (bBBi)[1, 1, 0, 11700593]
 0003[00] (bBBi)[1, 0, 0, 1512]
 0003[00] (bBBi)[1, 0, 0, 1513]
 0000[00] (bBb)[0, 1, 1]
 2003[22] (iiB)[0, 0, 0]
    ^(0 <- 4, 4)
    ^(4 <- 8, 4)
 2003[02] (iB)[0, 1]
    ^(0 <- 12, 4)
 2004[05] (iB)[0, 1]
    ^(0 <- 0, 4)

11020584, 0
 0003[00] (bBBi)[1, 0, 0, 1547]
 0003[00] (bBBi)[1, 1, 0, 1543]
 0003[00] (bBBi)[1, 1, 0, 11020605]
 0003[00] (bBBi)[1, 0, 1, 0]
 0003[00] (bBBi)[2, 0, 0, 1547]
 0003[00] (bBBi)[2, 1, 0, 1543]
 0003[00] (bBBi)[2, 1, 1, 0]
 0000[00] (bBb)[-1, 1, 1]
 0000[00] (bBb)[-1, 1, 2]
 0000[00] (bBb)[0, 1, -1]
 1000[08] (BBb)[0, 1, 1]
 2003[22] (iiB)[0, 0, 0]
    ^(0 <- 4, 4)
    ^(4 <- 8, 4)
 2003[02] (iB)[0, 1]
    ^(0 <- 12, 4)
 2004[05] (iB)[0, 0]
    ^(0 <- 0, 4)

11020585, 0
 0003[00] (bBBi)[1, 0, 0, 1547]
 0003[00] (bBBi)[1, 1, 0, 1544]
 0003[00] (bBBi)[1, 1, 0, 11410593]
 0000[00] (bBb)[0, 1, 1]
 2003[22] (iiB)[0, 0, 0]
    ^(0 <- 4, 4)
    ^(4 <- 8, 4)
 2003[02] (iB)[0, 1]
    ^(0 <- 12, 4)
 2004[05] (iB)[0, 1]
    ^(0 <- 0, 4)

11020586, 0
 0003[00] (bBBi)[1, 0, 0, 1547]
 0003[00] (bBBi)[1, 1, 0, 1545]
 0003[00] (bBBi)[1, 1, 0, 11020606]
 0003[00] (bBBi)[1, 0, 1, 0]
 0003[00] (bBBi)[2, 0, 0, 1547]
 0003[00] (bBBi)[2, 1, 0, 1545]
 0003[00] (bBBi)[2, 1, 1, 0]
 0000[00] (bBb)[-1, 1, 1]
 0000[00] (bBb)[-1, 1, 2]
 0000[00] (bBb)[0, 1, -1]
 1000[08] (BBb)[0, 1, 1]
 2004[05] (iB)[0, 0]
    ^(0 <- 0, 4)

11020587, 0
 0003[00] (bBBi)[1, 0, 0, 1574]
 0003[00] (bBBi)[1, 0, 0, 1578]
 0003[00] (bBBi)[1, 1, 0, 1571]
 0003[08] (bBBB)[1, 1, 10, 2]
 0000[00] (bBb)[0, 1, 1]
 2003[22] (iiB)[0, 0, 0]
    ^(0 <- 4, 4)
    ^(4 <- 8, 4)
 2003[02] (iB)[0, 1]
    ^(0 <- 12, 4)
 2004[05] (iB)[0, 1]
    ^(0 <- 0, 4)
 2003[02] (iB)[11020690, 1]
 2003[02] (iB)[11020691, 1]

11020588, 0
 0003[00] (bBBi)[1, 0, 0, 1574]
 0003[00] (bBBi)[1, 0, 0, 1578]
 0003[00] (bBBi)[1, 1, 0, 1572]
 0003[00] (bBBi)[1, 0, 0, 1574]
 0003[00] (bBBi)[1, 0, 0, 1578]
 0003[00] (bBBi)[2, 1, 0, 1577]
 0003[00] (bBBi)[3, 0, 0, 1574]
 0003[00] (bBBi)[3, 0, 0, 1578]
 0003[00] (bBBi)[3, 1, 0, 1573]
 0000[00] (bBb)[-1, 1, 1]
 0000[00] (bBb)[-1, 1, 2]
 0000[00] (bBb)[-1, 1, 3]
 0000[00] (bBb)[0, 1, -1]
 1000[07] (BBb)[6, 1, 3]
 2003[17] (IIB)[11025120, 11025122, 1]
 0003[00] (bBBi)[0, 1, 0, 11025120]
 2003[22] (iiB)[0, 0, 0]
    ^(0 <- 4, 4)
    ^(4 <- 8, 4)
 2003[02] (iB)[0, 1]
    ^(0 <- 12, 4)
 2004[05] (iB)[0, 0]
    ^(0 <- 0, 4)
 1000[04] (B)[0]
 1003[01] (BBBi)[4, 0, 0, 11020691]
 2003[22] (iiB)[0, 0, 0]
    ^(0 <- 4, 4)
    ^(4 <- 8, 4)
 2003[02] (iB)[0, 1]
    ^(0 <- 16, 4)
 2004[05] (iB)[0, 1]
    ^(0 <- 0, 4)
 1000[04] (B)[0]
 2003[22] (iiB)[0, 0, 0]
    ^(0 <- 4, 4)
    ^(4 <- 8, 4)
 2003[02] (iB)[0, 1]
    ^(0 <- 20, 4)
 2004[05] (iB)[0, 1]
    ^(0 <- 0, 4)

11020589, 0
 0003[00] (bBBi)[1, 0, 0, 1574]
 0003[00] (bBBi)[1, 0, 0, 1578]
 0003[00] (bBBi)[-1, 1, 0, 1570]
 0003[00] (bBBi)[-1, 1, 0, 1577]
 0000[00] (bBb)[1, 1, -1]
 0003[00] (bBBi)[1, 1, 0, 3]
 0003[08] (bBBB)[1, 1, 10, 2]
 0000[00] (bBb)[0, 1, 1]
 2003[22] (iiB)[0, 0, 0]
    ^(0 <- 4, 4)
    ^(4 <- 8, 4)
 2003[02] (iB)[0, 1]
    ^(0 <- 12, 4)
 2004[05] (iB)[0, 1]
    ^(0 <- 0, 4)
 2003[02] (iB)[11020690, 1]

11020410, 0
 0003[00] (bBBi)[1, 0, 0, 1574]
 0003[00] (bBBi)[1, 0, 0, 1578]
 0003[00] (bBBi)[-1, 1, 0, 1572]
 0003[00] (bBBi)[-1, 1, 0, 1573]
 0003[00] (bBBi)[-1, 1, 0, 1577]
 0000[00] (bBb)[1, 1, -1]
 0003[00] (bBBi)[2, 1, 0, 812]
 0003[00] (bBBi)[2, 1, 0, 813]
 0000[00] (bBb)[-2, 1, 2]
 0003[00] (bBBi)[-2, 1, 0, 11500200]
 0000[00] (bBb)[1, 1, -2]
 0000[00] (bBb)[0, 1, 1]
 2003[22] (iiB)[0, 0, 0]
    ^(0 <- 4, 4)
    ^(4 <- 8, 4)
 2003[02] (iB)[0, 1]
    ^(0 <- 12, 4)
 2004[05] (iB)[0, 0]
    ^(0 <- 0, 4)

11020411, 0
 0003[00] (bBBi)[1, 0, 0, 1622]
 0003[00] (bBBi)[1, 0, 0, 1625]
 0003[00] (bBBi)[1, 0, 0, 1627]
 0003[00] (bBBi)[1, 0, 0, 1628]
 0003[00] (bBBi)[1, 1, 0, 1624]
 0003[00] (bBBi)[1, 1, 0, 7]
 0003[08] (bBBB)[1, 1, 10, 2]
 0000[00] (bBb)[0, 1, 1]
 2003[22] (iiB)[0, 0, 0]
    ^(0 <- 4, 4)
    ^(4 <- 8, 4)
 2003[02] (iB)[0, 1]
    ^(0 <- 12, 4)
 2004[05] (iB)[0, 1]
    ^(0 <- 0, 4)

11020412, 0
 0003[00] (bBBi)[1, 0, 0, 1434]
 0003[00] (bBBi)[1, 0, 0, 1435]
 0003[00] (bBBi)[1, 1, 0, 1430]
 0003[00] (bBBi)[1, 1, 0, 11010700]
 0003[00] (bBBi)[1, 1, 0, 11400200]
 0000[00] (bBb)[0, 1, 1]
 2003[22] (iiB)[0, 0, 0]
    ^(0 <- 4, 4)
    ^(4 <- 8, 4)
 2003[02] (iB)[0, 1]
    ^(0 <- 12, 4)
 2004[05] (iB)[0, 1]
    ^(0 <- 0, 4)

11020413, 0
 1003[01] (BBBi)[2, 0, 1, 0]
 2004[37] (i)[0]
    ^(0 <- 0, 4)
 1000[04] (B)[0]
 0004[02] (bibf)[0, 0, 5, 0.0]
    ^(4 <- 0, 4)
 2003[02] (iB)[1434, 0]
 2003[02] (iB)[0, 1]
    ^(0 <- 4, 4)

11020420, 0
 0003[00] (bBBi)[-1, 1, 0, 1640]
 0003[00] (bBBi)[-1, 1, 0, 1641]
 0000[00] (bBb)[0, 1, -1]
 2003[22] (iiB)[0, 0, 0]
    ^(0 <- 4, 4)
    ^(4 <- 8, 4)
 2003[02] (iB)[0, 1]
    ^(0 <- 12, 4)
 2004[05] (iB)[0, 1]
    ^(0 <- 0, 4)
 2004[09] (iiiiii)[0, 9000, -1, -1, -1, -1]
    ^(0 <- 0, 4)

11020421, 0
 0003[00] (bBBi)[1, 1, 0, 1641]
 0003[10] (bBiibi)[1, 0, 1900, 1907, 4, 3]
 0000[00] (bBb)[0, 1, 1]
 2003[22] (iiB)[0, 0, 0]
    ^(0 <- 4, 4)
    ^(4 <- 8, 4)
 2003[02] (iB)[0, 1]
    ^(0 <- 12, 4)
 2004[05] (iB)[0, 1]
    ^(0 <- 0, 4)
 2004[09] (iiiiii)[0, 7003, -1, -1, -1, -1]
    ^(0 <- 0, 4)

11020422, 0
 0003[00] (bBBi)[1, 1, 0, 1642]
 0003[01] (bBBii)[1, 0, 0, 1900, 1907]
 0004[00] (biB)[1, 0, 0]
    ^(4 <- 0, 4)
 0000[00] (bBb)[0, 1, 1]
 2003[22] (iiB)[0, 0, 0]
    ^(0 <- 4, 4)
    ^(4 <- 8, 4)
 2003[02] (iB)[0, 1]
    ^(0 <- 12, 4)

11020423, 0
 0003[00] (bBBi)[1, 1, 0, 1643]
 0003[00] (bBBi)[1, 1, 0, 11022009]
 0004[00] (biB)[1, 0, 0]
    ^(4 <- 0, 4)
 0000[00] (bBb)[0, 1, 1]
 2003[22] (iiB)[0, 0, 0]
    ^(0 <- 4, 4)
    ^(4 <- 8, 4)
 2003[02] (iB)[0, 1]
    ^(0 <- 12, 4)
 2004[05] (iB)[0, 0]
    ^(0 <- 0, 4)

11020424, 0
 0003[00] (bBBi)[1, 1, 0, 1649]
 0003[00] (bBBi)[1, 1, 0, 11020598]
 0000[00] (bBb)[0, 1, 1]
 2003[22] (iiB)[0, 0, 0]
    ^(0 <- 4, 4)
    ^(4 <- 8, 4)
 2003[02] (iB)[0, 1]
    ^(0 <- 12, 4)
 2003[18] (iiBBB)[0, 7005, 0, 1, 0]
    ^(0 <- 0, 4)
 2004[05] (iB)[0, 0]
    ^(0 <- 0, 4)

11020425, 0
 0003[08] (bBBB)[1, 1, 10, 2]
 0003[00] (bBBi)[-1, 1, 0, 11020598]
 0004[02] (bibf)[2, 0, 5, 0.8999999761581421]
    ^(4 <- 0, 4)
 0004[02] (bibf)[2, 0, 2, 0.0]
    ^(4 <- 0, 4)
 0004[01] (bii)[2, 0, 10000]
    ^(4 <- 0, 4)
 0003[03] (bBiif)[2, 0, 0, 10000, 15.0]
    ^(4 <- 0, 4)
 0000[00] (bBb)[-1, 1, 2]
 0000[00] (bBb)[1, 1, -1]
 0000[00] (bBb)[0, 1, 1]
 2003[22] (iiB)[0, 0, 0]
    ^(0 <- 4, 4)
    ^(4 <- 8, 4)
 2003[02] (iB)[0, 1]
    ^(0 <- 12, 4)
 2003[18] (iiBBB)[0, 7005, 0, 1, 0]
    ^(0 <- 0, 4)
 2004[05] (iB)[0, 0]
    ^(0 <- 0, 4)

11022009, 0
 0003[00] (bBBi)[1, 1, 0, 1643]
 0003[00] (bBBi)[1, 1, 0, 71800033]
 0003[05] (biifhfiBi)[1, 2, 6330, 180.0, -1, 4.0, 10010147, 48, 0]
 0000[00] (bBb)[0, 1, 1]
 2004[05] (iB)[6331, 1]
 2002[03] (iIi)[100240, 0, 10000]
 1001[01] (i)[1]
 2003[14] (BBi)[12, 1, -1]
 1000[04] (B)[1]

11026210, 0
 2003[02] (iB)[1650, 0]
 0003[08] (bBBB)[1, 1, 10, 2]
 0003[03] (bBiif)[1, 0, 6330, 10000, 30.0]
 0003[00] (bBBi)[1, 0, 0, 830]
 0000[00] (bBb)[0, 1, 1]
 0003[00] (bBBi)[-1, 1, 0, 1643]
 0003[00] (bBBi)[-1, 1, 0, 1644]
 0003[00] (bBBi)[-1, 1, 0, 1645]
 1000[02] (BBb)[0, 0, -1]
 2003[22] (iiB)[11026211, 11026213, 0]
 2003[17] (IIB)[11026211, 11026213, 1]
 1003[02] (BBBi)[0, 1, 0, 11026211]
 2003[02] (iB)[1650, 1]
 2004[09] (iiiiii)[6330, 9001, -1, -1, -1, -1]
 0004[01] (bii)[0, 6330, 10000]
 2004[08] (ii)[6330, 5450]
 2004[09] (iiiiii)[6330, 7003, -1, -1, -1, -1]
 2003[18] (iiBBB)[6330, 9061, 0, 1, 0]
 2003[02] (iB)[1650, 0]

11020110, 0
 2004[12] (iB)[6060, 1]
 1003[02] (BBBi)[0, 1, 0, 11020101]
 1003[01] (BBBi)[1, 1, 0, 11020100]
 0003[00] (bBBi)[0, 1, 0, 1141]
 2004[06] (iiB)[6060, 1702, 0]
 2003[02] (iB)[11020100, 1]
 1003[01] (BBBi)[4, 1, 0, 11020111]
 0003[00] (bBBi)[0, 1, 0, 11020609]
 2004[06] (iiB)[6060, 1701, 0]
 2003[02] (iB)[11020111, 1]
 0004[08] (biiB)[0, 6060, 1701, 1]
 2003[02] (iB)[11020101, 1]

11022000, 0
 1003[02] (BBBi)[0, 1, 0, 1911]
 0003[05] (biifhfiBi)[0, 1, 1022400, 0.0, -1, 0.0, 10010141, 48, 0]
 2003[14] (BBi)[10, 1, -1]
 1001[00] (f)[3.0]
 1000[04] (B)[1]

11022001, 0
 1003[01] (BBBi)[3, 0, 0, 1911]
 1001[01] (i)[10]
 2003[08] (iiB)[11020301, 0, 0]
 1000[04] (B)[0]
 0003[02] (bBii)[0, 1, 10000, 1022401]
 2003[14] (BBi)[15, 0, -1]
 1001[00] (f)[3.0]
 1000[04] (B)[1]

11022002, 0
 1003[02] (BBBi)[0, 1, 0, 1911]
 0003[05] (biifhfiBi)[0, 1, 1022402, 0.0, -1, 0.0, 10010143, 48, 0]
 2003[14] (BBi)[13, 0, -1]
 1001[00] (f)[3.0]
 1000[04] (B)[1]

11022003, 0
 1003[02] (BBBi)[0, 1, 0, 1911]
 0004[05] (biiB)[1, 10000, 4708, 1]
 0003[05] (biifhfiBi)[1, 2, 1020403, 180.0, -1, 2.0, 10010146, 48, 0]
 0000[00] (bBb)[0, 1, 1]
 2003[14] (BBi)[10, 0, -1]
 1001[00] (f)[3.0]
 1000[04] (B)[1]

11022004, 0
 0003[05] (biifhfiBi)[0, 1, 1022404, 0.0, -1, 0.0, 10010140, 48, 0]
 2003[14] (BBi)[10, 2, -1]
 1001[00] (f)[3.0]
 1000[04] (B)[1]

11022005, 1
 0003[00] (bBBi)[-1, 1, 0, 1910]
 0003[00] (bBBi)[-1, 0, 0, 1900]
 1000[01] (BBb)[2, 0, -1]
 2004[05] (iB)[6001, 0]
 1000[03] (B)[1]
 2004[02] (ib)[6001, 2]
 0003[00] (bBBi)[-2, 1, 0, 1910]
 0003[00] (bBBi)[-2, 0, 0, 1901]
 1000[01] (BBb)[2, 0, -2]
 2004[05] (iB)[6281, 0]
 1000[03] (B)[1]
 2004[02] (ib)[6281, 2]
 0003[00] (bBBi)[-3, 1, 0, 1911]
 0003[00] (bBBi)[-3, 0, 0, 1902]
 1000[01] (BBb)[2, 0, -3]
 2004[05] (iB)[6321, 0]
 1000[03] (B)[1]
 2004[02] (ib)[6321, 2]
 0003[00] (bBBi)[-4, 1, 0, 1910]
 0003[00] (bBBi)[-4, 0, 0, 1903]
 1000[01] (BBb)[2, 0, -4]
 2004[05] (iB)[1020527, 0]
 1000[03] (B)[1]
 2004[02] (ib)[1020527, 2]
 0003[00] (bBBi)[-5, 1, 0, 1910]
 0003[00] (bBBi)[-5, 0, 0, 1904]
 1000[01] (BBb)[2, 0, -5]
 2004[05] (iB)[6031, 0]
 1000[03] (B)[1]
 2004[02] (ib)[6031, 2]
 0003[00] (bBBi)[-6, 1, 0, 1910]
 0003[00] (bBBi)[-6, 0, 0, 1905]
 1000[01] (BBb)[2, 0, -6]
 2004[05] (iB)[6581, 0]
 1000[03] (B)[1]
 2004[02] (ib)[6581, 2]
 0003[00] (bBBi)[-7, 1, 0, 1910]
 0003[00] (bBBi)[-7, 0, 0, 1906]
 1000[01] (BBb)[2, 0, -7]
 2004[05] (iB)[6171, 0]
 1000[03] (B)[1]
 2004[02] (ib)[6171, 2]
 0003[00] (bBBi)[-1, 1, 0, 1910]
 0003[00] (bBBi)[-1, 0, 0, 1907]
 1000[01] (BBb)[2, 0, -1]
 2004[05] (iB)[1020452, 0]
 1000[03] (B)[3]
 2004[02] (ib)[1020452, 2]
 2003[18] (iiBBB)[1020452, 7009, 1, 0, 0]
 2004[08] (ii)[1020452, 4701]

11022006, 0
 0003[04] (bBiB)[1, 3, 420, 1]
 0003[05] (biifhfiBi)[1, 0, 1021960, 180.0, -1, 1.0, 10010381, 48, 0]
 0000[00] (bBb)[0, 1, 1]
 2003[18] (iiBBB)[10000, 7114, 0, 1, 0]
 2003[24] (iii)[3, 420, 0]
 2003[02] (iB)[1910, 0]
 2007[02] (B)[10]
 1001[00] (f)[4.0]
 2007[03] (iB)[10010382, 1]
 2004[05] (iB)[1020960, 1]

11022007, 1
 1003[02] (BBBi)[0, 0, 0, 11022006]
 0003[05] (biifhfiBi)[0, 2, 1020452, 180.0, -1, 2.0, 10010383, 48, 0]
 2004[14] (ii)[10000, 1021960]
 2003[18] (iiBBB)[10000, 7701, 1, 0, 0]
 1001[00] (f)[5.0]
 2003[02] (iB)[20, 1]

11022008, 0
 1003[02] (BBBi)[0, 1, 1, 0]
 0003[00] (bBBi)[0, 1, 0, 71800026]
 2003[36] (i)[4640]

11022010, 0
 1003[02] (BBBi)[0, 1, 1, 0]
 0003[00] (bBBi)[0, 1, 0, 51020000]
 2003[02] (iB)[716, 1]