0, 0
 2000[00] (iII)[0, 11210700, 0]
 2005[03] (iB)[1211988, 0]
 2006[01] (iB)[1211989, 0]
 2005[03] (iB)[1211994, 0]
 2006[01] (iB)[1211995, 0]
 2005[03] (iB)[1211996, 0]
 2006[01] (iB)[1211997, 0]
 2005[03] (iB)[1211998, 0]
 2006[01] (iB)[1211999, 0]
 2005[03] (iB)[1211986, 0]
 2006[01] (iB)[1211987, 0]
 2011[01] (iB)[1213061, 0]
 1003[01] (BBBi)[2, 0, 0, 11210539]
 2011[01] (iB)[1213061, 1]
 2011[01] (iB)[1213060, 0]
 2010[03] (iB)[1213800, 0]
 2005[03] (iB)[1211790, 0]
 2006[01] (iB)[1211791, 0]
 2005[03] (iB)[1211792, 0]
 2006[01] (iB)[1211793, 0]
 2010[03] (iB)[1213801, 0]
 2005[03] (iB)[1211890, 0]
 2006[01] (iB)[1211891, 0]
 2005[03] (iB)[1211892, 0]
 2006[01] (iB)[1211893, 0]
 2011[01] (iB)[1213001, 0]
 2010[03] (iB)[1213802, 0]
 2005[03] (iB)[1211990, 0]
 2006[01] (iB)[1211991, 0]
 2010[03] (iB)[1213803, 0]
 2005[03] (iB)[1211690, 0]
 2006[01] (iB)[1211691, 0]
 2011[01] (iB)[1213001, 1]
 2000[00] (iII)[0, 11215050, 0]
 2000[00] (iII)[0, 11215051, 0]
 2000[00] (iII)[0, 11215052, 0]
 2006[01] (iB)[1213110, 0]
 2005[03] (iB)[1211230, 0]
 2006[01] (iB)[1213100, 1]
 2010[03] (iB)[1213810, 0]
 2010[03] (iB)[1213811, 0]
 2000[00] (iII)[0, 11210000, 0]

50, 0
 2005[03] (iB)[1211130, 0]
 2006[01] (iB)[1213150, 0]
 2005[07] (ii)[1211606, 0]
 2005[07] (ii)[1211607, 0]
 2004[02] (ib)[6000, 2]
 2004[02] (ib)[6030, 2]
 2004[02] (ib)[6280, 2]
 2004[02] (ib)[6320, 2]
 2004[02] (ib)[6170, 2]
 2004[02] (ib)[6998, 2]
 2004[02] (ib)[6580, 2]
 2004[02] (ib)[6999, 2]
 2000[00] (iII)[0, 11212000, 6000]
 2000[00] (iII)[1, 11212000, 6280]
 2000[00] (iII)[2, 11212000, 6320]
 2000[00] (iII)[3, 11212000, 6998]
 2000[00] (iII)[4, 11212000, 6030]
 2000[00] (iII)[5, 11212000, 6580]
 2000[00] (iII)[6, 11212000, 6170]
 2000[00] (iII)[7, 11212000, 6999]
 2000[00] (iII)[0, 11212010, 6000]
 2000[00] (iII)[1, 11212010, 6280]
 2000[00] (iII)[2, 11212010, 6320]
 2000[00] (iII)[3, 11212010, 6170]
 2000[00] (iII)[4, 11212010, 6030]
 2000[00] (iII)[5, 11212010, 6580]
 2000[00] (iII)[6, 11212010, 6998]
 2000[00] (iII)[0, 11212020, 0]
 2000[00] (iII)[0, 11212021, 0]
 2000[00] (iIi)[0, 11215400, 1210000]
 2000[00] (iIi)[1, 11215400, 1210001]
 2000[00] (iIi)[2, 11215400, 1210002]
 2000[00] (iIi)[3, 11215400, 1210003]
 2000[00] (iIi)[4, 11215400, 1210004]
 2000[00] (iIi)[5, 11215400, 1210005]
 2000[00] (iIi)[6, 11215400, 1210006]
 2000[00] (iIi)[7, 11215400, 1210007]
 2000[00] (iIi)[8, 11215400, 1210008]
 2000[00] (iIi)[9, 11215400, 1210009]
 2000[00] (iIi)[10, 11215400, 1210010]
 2000[00] (iIi)[11, 11215400, 1210011]
 2000[00] (iIi)[12, 11215400, 1210012]
 2000[00] (iIi)[13, 11215400, 1210013]
 2000[00] (iIi)[14, 11215400, 1210014]
 2000[00] (iIi)[15, 11215400, 1210015]
 2000[00] (iIi)[16, 11215400, 1210016]
 2000[00] (iIi)[17, 11215400, 1210017]
 2000[00] (iIi)[18, 11215400, 1210018]
 2000[00] (iIi)[19, 11215400, 1210019]
 2000[00] (iIi)[20, 11215400, 1210020]
 2000[00] (iIi)[21, 11215400, 1210021]
 2000[00] (iIi)[22, 11215400, 1210022]
 2000[00] (iIi)[23, 11215400, 1210023]
 2000[00] (iIi)[24, 11215400, 1210024]
 2000[00] (iIi)[25, 11215400, 1210025]
 2000[00] (iIi)[26, 11215400, 1210026]
 2000[00] (iIi)[27, 11215400, 1210027]
 2000[00] (iIi)[28, 11215400, 1210028]
 2000[00] (iIi)[29, 11215400, 1210029]
 2000[00] (iIi)[30, 11215400, 1210030]
 2000[00] (iIi)[31, 11215400, 1210031]
 2000[00] (iIi)[32, 11215400, 1210032]
 2000[00] (iIi)[33, 11215400, 1210033]
 2000[00] (iIi)[34, 11215400, 1210034]
 2000[00] (iIi)[35, 11215400, 1210035]
 2000[00] (iIi)[36, 11215400, 1210036]
 2000[00] (iIi)[37, 11215400, 1210037]
 2000[00] (iIi)[38, 11215400, 1210038]
 2000[00] (iIi)[39, 11215400, 1210039]
 2000[00] (iIi)[40, 11215400, 1210040]
 2000[00] (iIi)[41, 11215400, 1210041]
 2000[00] (iIi)[42, 11215400, 1210042]
 2000[00] (iIi)[43, 11215400, 1210043]
 2000[00] (iIi)[44, 11215400, 1210044]
 2000[00] (iIi)[45, 11215400, 1210045]
 2000[00] (iIi)[46, 11215400, 1210046]
 2000[00] (iIi)[47, 11215400, 1210047]
 2000[00] (iIi)[48, 11215400, 1210048]
 2000[00] (iIi)[49, 11215400, 1210049]
 2000[00] (iIi)[50, 11215400, 1210050]
 2000[00] (iIi)[51, 11215400, 1210051]
 2000[00] (iIi)[52, 11215400, 1210052]

11215400, 1
 2004[30] (iB)[0, 0]
    ^(0 <- 0, 4)
 0004[00] (biB)[0, 0, 1]
    ^(4 <- 0, 4)
 1000[04] (B)[0]

11210000, 1
 1003[01] (BBBi)[3, 0, 0, 11212001]
 2003[02] (iB)[11212001, 0]
 2003[14] (BBi)[10, 2, -1]
 1000[04] (B)[0]
 2003[02] (iB)[11212001, 1]
 2004[05] (iB)[1210100, 0]
 2004[02] (ib)[1210402, 2]
 2004[01] (iB)[1210402, 0]
 2004[12] (iB)[1210402, 1]
 2004[10] (iB)[1210402, 0]
 2004[31] (iB)[1210402, 1]
 2004[05] (iB)[1210402, 0]
 2004[28] (ii)[1210402, 4095]
 2004[34] (iBb)[1210402, 1, 0]
 2004[05] (iB)[1210401, 0]
 0003[10] (bBiibi)[0, 0, 11215400, 11215442, 4, 30]
 2004[05] (iB)[1210402, 1]
 2003[18] (iiBBB)[1210402, 7006, 0, 0, 1]
 1001[01] (i)[240]
 2004[05] (iB)[1210100, 1]
 2004[15] (iB)[1210100, 1]
 2003[18] (iiBBB)[1210402, 7008, 0, 0, 1]
 1001[01] (i)[194]
 2004[15] (iB)[1210100, 0]
 2003[11] (bihh)[1, 1210100, 0, 4110]
 0004[00] (biB)[0, 1210100, 1]
 2003[11] (bihh)[0, 1210100, 0, 0]
 1001[00] (f)[3.0]
 2010[03] (iB)[1213803, 1]
 2004[05] (iB)[1210401, 1]
 2003[11] (bihh)[1, 1210401, 0, 4510]
 0004[02] (bibf)[0, 1210401, 5, 0.0]
 1001[00] (f)[2.0]
 2010[02] (iii)[10000, 7, 215000006]
 0004[00] (biB)[0, 1210401, 1]
 2003[11] (bihh)[0, 1210401, 0, 0]
 2010[03] (iB)[1213803, 0]
 2010[02] (iii)[1210401, 5, 777777777]
 0004[00] (biB)[1, 6320, 1]
 1000[01] (BBb)[4, 0, 1]
 2007[03] (iB)[10010384, 1]
 1001[00] (f)[5.0]
 2003[14] (BBi)[10, 2, -1]
 1000[04] (B)[0]
 2007[02] (B)[1]
 2004[12] (iB)[10000, 1]
 2003[08] (iiB)[11212010, 0, 0]
 2003[08] (iiB)[11212010, 1, 0]
 2003[08] (iiB)[11212010, 2, 0]
 2003[08] (iiB)[11212010, 3, 0]
 2003[08] (iiB)[11212010, 4, 0]
 2003[08] (iiB)[11212010, 5, 0]
 2003[08] (iiB)[11212010, 6, 0]
 2003[08] (iiB)[11212020, 0, 0]
 2004[05] (iB)[6000, 1]
 2004[05] (iB)[6280, 1]
 2004[05] (iB)[6030, 1]
 2004[05] (iB)[6998, 1]
 2004[05] (iB)[6580, 1]
 2004[05] (iB)[6170, 1]
 2004[05] (iB)[6320, 1]
 2004[05] (iB)[6999, 1]
 2004[13] (ii)[6000, 1202680]
 2004[13] (ii)[6280, 1202681]
 2004[13] (ii)[6030, 1202682]
 2004[13] (ii)[6998, 1202683]
 2004[13] (ii)[6580, 1202684]
 2004[13] (ii)[6170, 1202685]
 2004[13] (ii)[6320, 1202686]
 2004[13] (ii)[6999, 1202687]
 0003[03] (bBiif)[2, 1, 6000, 6320, 15.0]
 0003[03] (bBiif)[2, 1, 6280, 6320, 15.0]
 0003[03] (bBiif)[2, 1, 6030, 6320, 15.0]
 0003[03] (bBiif)[2, 1, 6170, 6320, 15.0]
 0003[03] (bBiif)[2, 1, 6580, 6320, 15.0]
 0003[03] (bBiif)[2, 1, 6999, 6320, 15.0]
 0003[03] (bBiif)[2, 1, 10000, 6320, 15.0]
 0000[00] (bBb)[0, 1, 2]
 2004[12] (iB)[6000, 0]
 2004[12] (iB)[6280, 0]
 2004[12] (iB)[6030, 0]
 2004[12] (iB)[6998, 0]
 2004[12] (iB)[6580, 0]
 2004[12] (iB)[6170, 0]
 2004[12] (iB)[6320, 0]
 1001[00] (f)[2.0]
 2010[03] (iB)[1213801, 1]
 1001[00] (f)[2.0]
 2006[03] (iiii)[2, 6320, 1, 15398]
 2010[02] (iii)[6320, 5, 21199]
 2004[04] (iB)[6000, 0]
 1001[01] (i)[5]
 2004[04] (iB)[6280, 0]
 1001[01] (i)[2]
 2004[04] (iB)[6998, 0]
 1001[01] (i)[10]
 2004[04] (iB)[6170, 0]
 1001[01] (i)[5]
 2004[04] (iB)[6030, 0]
 1001[01] (i)[8]
 2004[04] (iB)[6580, 0]
 2004[08] (ii)[6320, 4761]
 2004[08] (ii)[6320, 3231]
 2004[08] (ii)[6999, 3231]
 2004[08] (ii)[6999, 5401]
 2003[08] (iiB)[11212000, 2, 0]
 2004[21] (ii)[6320, 4751]
 2004[02] (ib)[6320, 7]
 2003[11] (bihh)[1, 6320, 0, 6320]
 0004[02] (bibf)[0, 6320, 5, 0.8]
 2004[12] (iB)[6999, 0]
 2006[03] (iiii)[2, 6320, 10, 15398]
 2010[02] (iii)[6320, 5, 21199]
 2004[04] (iB)[6999, 0]
 1001[00] (f)[5.0]
 2007[03] (iB)[10010380, 1]
 2004[08] (ii)[10000, 4754]
 0004[02] (bibf)[0, 6320, 5, 0.7]
 2004[21] (ii)[10000, 4754]
 2004[08] (ii)[10000, 4755]
 0004[02] (bibf)[0, 6320, 5, 0.5]
 2004[21] (ii)[10000, 4755]
 2004[08] (ii)[10000, 4756]
 0004[00] (biB)[0, 6320, 1]
 2010[03] (iB)[1213801, 0]
 2003[36] (i)[4700]
 2003[02] (iB)[1910, 1]
 2003[02] (iB)[1911, 1]
 1001[00] (f)[1.0]
 2003[14] (BBi)[10, 2, -1]

11210050, 1
 2004[15] (iB)[1210401, 1]
 2004[05] (iB)[1210401, 0]
 1003[01] (BBBi)[9, 1, 1, 0]
 2004[01] (iB)[1210401, 0]
 0003[00] (bBBi)[1, 1, 0, 11215062]
 0003[02] (bBii)[1, 1, 10000, 1212906]
 0011[02] (bi)[-1, 1213003]
 0011[02] (bi)[-1, 1213004]
 0011[02] (bi)[-1, 1213009]
 0000[00] (bBb)[1, 1, -1]
 0000[00] (bBb)[0, 1, 1]
 2004[01] (iB)[1210401, 1]
 2004[15] (iB)[1210401, 0]
 2003[11] (bihh)[1, 1210401, 0, 4510]
 2011[01] (iB)[1213001, 1]

11210005, 0
 1003[02] (BBBi)[0, 1, 1, 0]
 0004[02] (bibf)[0, 1210401, 5, 0.0]
 1001[00] (f)[1.0]
 2010[02] (iii)[1210401, 5, 777777777]
 0004[00] (biB)[0, 1210401, 1]
 2003[02] (iB)[11210005, 1]
 2003[02] (iB)[121, 1]
 2003[12] (i)[1210401]
 2005[03] (iB)[1211690, 0]
 2006[01] (iB)[1211691, 1]
 2011[01] (iB)[1213001, 0]

11210340, 0
 1003[01] (BBBi)[3, 0, 1, 0]
 1003[02] (BBBi)[0, 1, 0, 11210341]
 2004[42] (iBiii)[6760, 1, 1212331, -1, 6760]
 1000[04] (B)[0]
 0003[06] (bb)[1, 0]
 0003[03] (bBiif)[-1, 1, 6760, 10000, 7.0]
 0004[01] (bii)[-1, 6760, 10000]
 0000[00] (bBb)[1, 1, -1]
 0000[00] (bBb)[0, 1, 1]
 2003[18] (iiBBB)[6760, 7003, 0, 1, 0]
 2004[05] (iB)[6760, 0]
 2004[42] (iBiii)[6760, 1, 1212331, -1, 6760]
 2004[05] (iB)[6760, 1]

11210341, 0
 1003[01] (BBBi)[2, 0, 2, 0]
 2004[42] (iBiii)[6760, 1, 1212332, -1, 6760]
 1000[04] (B)[0]
 0003[06] (bb)[1, 0]
 0003[00] (bBBi)[1, 1, 0, 11210340]
 0003[03] (bBiif)[-1, 1, 6760, 10000, 12.0]
 0004[01] (bii)[-1, 6760, 10000]
 0000[00] (bBb)[1, 1, -1]
 0000[00] (bBb)[0, 1, 1]
 2003[18] (iiBBB)[6760, 7003, 0, 1, 0]
 2004[05] (iB)[6760, 0]
 2004[42] (iBiii)[6760, 1, 1212332, -1, 6760]
 2004[05] (iB)[6760, 1]

11210345, 0
 1003[01] (BBBi)[3, 0, 1, 0]
 2004[05] (iB)[6760, 0]
 2006[01] (iB)[1213125, 0]
 1000[04] (B)[0]
 0003[06] (bb)[1, 0]
 0003[00] (bBBi)[1, 1, 0, 11210341]
 0003[03] (bBiif)[-1, 1, 6760, 10000, 12.0]
 0004[01] (bii)[-1, 6760, 10000]
 0000[00] (bBb)[1, 1, -1]
 0000[00] (bBb)[0, 1, 1]
 2003[18] (iiBBB)[6760, 7003, 0, 1, 0]
 2004[05] (iB)[6760, 0]
 2006[01] (iB)[1213125, 1]

11210346, 0
 2000[02] (B)[0]
 0003[00] (bBBi)[1, 0, 0, 11210345]
 0003[02] (bBii)[1, 1, 10000, 1212335]
 0003[00] (bBBi)[2, 1, 0, 11210345]
 0000[00] (bBb)[-1, 1, 1]
 0000[00] (bBb)[-1, 1, 2]
 0000[00] (bBb)[0, 1, -1]
 1000[08] (BBb)[0, 1, 2]
 2004[08] (ii)[10000, 4161]
 1000[04] (B)[1]

11210347, 0
 1003[01] (BBBi)[1, 1, 0, 11215045]
 1003[01] (BBBi)[2, 0, 0, 11210345]
 2005[03] (iB)[1211250, 0]
 1000[04] (B)[0]
 0003[06] (bb)[1, 0]
 0003[02] (bBii)[1, 1, 10000, 1212336]
 0000[00] (bBb)[0, 1, 1]
 2003[02] (iB)[11215045, 1]
 1005[02] (BBi)[0, 1, 1211250]
 2005[13] (iB)[1211250, 0]
 2005[01] (ib)[1211250, 1]
 2003[18] (iiBBB)[1211250, 0, 0, 0, 0]
 2010[02] (iii)[1211250, 3, 262000000]

11215043, 1
 0004[02] (bibf)[0, 6999, 5, 0.3]
 2004[08] (ii)[6999, 5401]
 0004[02] (bibf)[0, 6999, 4, 0.5]
 2004[21] (ii)[6999, 5401]
 1000[04] (B)[1]

11210051, 1
 2004[01] (iB)[1210402, 0]
 2004[12] (iB)[1210402, 1]
 2004[10] (iB)[1210402, 0]
 2004[31] (iB)[1210402, 1]
 2004[05] (iB)[1210402, 0]
 2004[28] (ii)[1210402, 4095]
 2004[34] (iBb)[1210402, 1, 0]
 0003[10] (bBiibi)[0, 0, 11215300, 11215355, 4, 30]
 2004[05] (iB)[1210402, 1]
 2003[18] (iiBBB)[1210402, 7006, 0, 0, 1]
 1001[01] (i)[240]
 2003[18] (iiBBB)[1210402, 7008, 0, 0, 1]
 1001[01] (i)[194]

11210052, 1
 1001[01] (i)[6]
 2003[18] (iiBBB)[1210402, 7008, 0, 0, 1]
 1001[01] (i)[194]
 2003[18] (iiBBB)[1210402, 7001, 0, 0, 1]
 1001[01] (i)[269]
 2003[18] (iiBBB)[1210402, 7011, 0, 0, 1]
 1001[01] (i)[514]
 2003[18] (iiBBB)[1210402, 7003, 0, 0, 1]
 1001[01] (i)[414]
 2003[18] (iiBBB)[1210402, 7010, 0, 0, 1]
 1001[01] (i)[561]
 2003[18] (iiBBB)[1210402, 7002, 0, 0, 1]
 1001[01] (i)[461]
 2003[18] (iiBBB)[1210402, 7009, 0, 0, 1]
 1001[01] (i)[30]

11215050, 1
 0003[02] (bBii)[1, 1, 10000, 1212057]
 0003[02] (bBii)[2, 1, 10000, 1212059]
 0003[07] (bBi)[2, 0, 1212057]
 0003[02] (bBii)[3, 1, 10000, 1212058]
 0003[07] (bBi)[3, 0, 1212057]
 0003[07] (bBi)[3, 0, 1212059]
 0000[00] (bBb)[-1, 1, 1]
 0000[00] (bBb)[-1, 1, 2]
 0000[00] (bBb)[-1, 1, 3]
 0000[00] (bBb)[4, 1, -1]
 0003[00] (bBBi)[4, 1, 0, 11215063]
 0000[00] (bBb)[0, 1, 4]
 1000[07] (BBb)[2, 1, 1]
 1000[07] (BBb)[3, 1, 2]
 1000[07] (BBb)[4, 1, 3]
 2004[18] (iif)[1210401, 1212060, 2.0]
 1000[03] (B)[3]
 2004[18] (iif)[1210401, 1212060, 2.0]
 1000[03] (B)[1]
 2004[18] (iif)[1210401, 1212061, 2.0]
 1001[00] (f)[1.0]
 1000[04] (B)[1]

11215051, 1
 2004[05] (iB)[1210410, 0]
 1003[01] (BBBi)[7, 1, 0, 11215054]
 1003[01] (BBBi)[4, 0, 2, 0]
 2004[26] (iBB)[1210401, 0, 0]
 2004[27] (iBB)[1210401, 1, 1]
 2004[17] (iiB)[1210401, 20, 0]
 1000[04] (B)[0]
 0004[07] (biB)[0, 1210401, 1]
 2004[22] (ihhiffBB)[1210401, 4510, 1, 200, 1.0, 1.0, 0, 0]
 2003[02] (iB)[11215054, 0]
 0004[06] (biiib)[1, 1210401, 4510, 0, 5]
 0004[02] (bibf)[2, 1210401, 5, 0.0]
 0000[00] (bBb)[-1, 1, 1]
 0000[00] (bBb)[-1, 1, 2]
 0000[00] (bBb)[0, 1, -1]
 1000[08] (BBb)[0, 1, 2]
 1003[01] (BBBi)[3, 0, 0, 11215053]
 2004[23] (iiiB)[1210401, 4510, 10, 0]
 2003[02] (iB)[11215054, 1]
 1000[04] (B)[1]
 2004[42] (iBiii)[1210410, 2, 1210401, 150, 1210401]
 2004[05] (iB)[1210410, 1]
 2004[43] (iB)[1210401, 0]
 2003[18] (iiBBB)[1210401, 8000, 0, 0, 0]
 2003[18] (iiBBB)[1210410, 8100, 0, 0, 0]
 2004[26] (iBB)[1210401, 0, 0]
 2004[27] (iBB)[1210401, 1, 1]
 2004[08] (ii)[1210401, 5434]
 2004[17] (iiB)[1210401, 20, 0]
 2004[20] (i)[1210401]
 0004[03] (bib)[-7, 10000, 0]
 0004[03] (bib)[-7, 10000, 8]
 1000[02] (BBb)[0, 0, -7]

11215052, 1
 0004[08] (biiB)[0, 1210401, 10, 1]
 2003[02] (iB)[11215053, 1]
 0004[08] (biiB)[0, 1210401, 20, 1]
 2003[02] (iB)[11215053, 0]
 1000[04] (B)[1]

11210544, 0
 0005[00] (bBi)[0, 1, 1211130]
 2006[01] (iB)[1213150, 1]

11210700, 0
 2000[00] (iII)[0, 7999, 0]
 2000[00] (iII)[0, 7998, 0]
 1003[05] (Bb)[1, 1]
 2003[22] (iiB)[11215350, 11215360, 0]
 2003[02] (iB)[11215398, 0]
 2003[22] (iiB)[11215342, 11215345, 0]
 2006[01] (iB)[1213403, 0]
 2006[01] (iB)[1213404, 0]
 2006[01] (iB)[1213405, 0]
 2006[01] (iB)[1213406, 0]
 2006[01] (iB)[1213407, 0]
 2006[01] (iB)[1213408, 0]
 2006[01] (iB)[1213409, 0]
 2006[01] (iB)[1213410, 0]
 2006[01] (iB)[1213411, 0]
 2006[01] (iB)[1213412, 0]
 2006[01] (iB)[1213416, 0]
 2006[01] (iB)[1213417, 0]
 2006[01] (iB)[1213418, 0]
 2006[01] (iB)[1213419, 0]
 2006[01] (iB)[1213420, 0]
 2006[01] (iB)[1213421, 0]
 2006[01] (iB)[1213422, 0]
 2006[01] (iB)[1213423, 0]
 2006[01] (iB)[1213424, 0]
 2006[01] (iB)[1213425, 0]
 2000[00] (iII)[0, 11210708, 0]
 2000[00] (iII)[0, 11210838, 0]
 2000[00] (iII)[0, 11210839, 0]
 2000[00] (iII)[0, 11210875, 0]
 2000[00] (iII)[0, 11210876, 0]
 2000[00] (iII)[0, 11210830, 0]
 2000[00] (iIf|fff)[0, 11210835, 120.0, 60.0, 240.0, 120.0]
 2000[00] (iII)[0, 11210836, 0]
 2000[00] (iII)[0, 11210877, 0]
 2000[00] (iII)[0, 11210878, 0]
 2000[00] (iII)[0, 11215398, 0]
 2000[00] (iII)[0, 11210705, 0]
 2000[00] (iII)[0, 11210706, 0]
 2000[00] (iII)[0, 11210707, 0]
 2000[00] (iII)[0, 11210845, 0]
 2000[00] (iII)[0, 11210846, 0]
 2000[00] (iII)[0, 11210847, 0]
 2000[00] (iII)[0, 11210848, 0]
 2000[00] (iII)[0, 11210849, 0]
 2000[00] (iII)[0, 11210837, 0]
 2000[00] (iII)[0, 11210401, 0]
 2000[00] (iII)[0, 11210402, 0]
 2000[00] (iII)[0, 11210403, 0]
 2000[00] (iII)[0, 11210404, 7200]
 2000[00] (iII)[1, 11210404, 7450]
 2000[00] (iII)[2, 11210404, 7700]
 2000[00] (iII)[0, 11210407, 0]
 2000[00] (iII)[0, 11210439, 0]
 2000[00] (iII|III)[0, 11210710, 1211500, 1218215, 10010132, 1]
 2000[00] (iII|III)[1, 11210710, 1211501, 1218213, 10010134, 1]
 2000[00] (iII|III)[2, 11210710, 1211502, 1218211, 10010136, 1]
 2000[00] (iII|III)[3, 11210710, 1211503, 1218214, 10010131, 1]
 2000[00] (iII|III)[4, 11210710, 1211504, 1218212, 10010133, 1]
 2000[00] (iII|III)[5, 11210710, 1211505, 1218210, 10010135, 1]
 2000[00] (iII|III)[6, 11210710, 1211510, 1218200, 10010137, 0]
 2000[00] (iII|III)[7, 11210710, 1211511, 1218200, 10010137, 0]
 2000[00] (iII|III)[8, 11210710, 1211512, 1218200, 10010137, 0]
 2000[00] (iII|III)[9, 11210710, 1211513, 1218200, 10010137, 0]
 2000[00] (iII|III)[10, 11210710, 1211514, 1218200, 10010137, 0]
 2000[00] (iII|III)[11, 11210710, 1211515, 1218200, 10010137, 0]
 2000[00] (iII|I)[0, 11210730, 1212700, 4510]
 2000[00] (iII|I)[1, 11210730, 1212701, 4511]
 2000[00] (iII|I)[2, 11210730, 1212702, 4512]
 2000[00] (iII|I)[3, 11210730, 1212703, 4513]
 2000[00] (iII|I)[4, 11210730, 1212704, 4514]
 2000[00] (iII|I)[5, 11210730, 1212705, 4515]
 2000[00] (iII|I)[6, 11210730, 1212706, 4516]
 2000[00] (iII|I)[7, 11210730, 1212707, 4517]
 2000[00] (iII|I)[8, 11210730, 1212708, 4518]
 2000[00] (iII|I)[9, 11210730, 1212709, 4519]
 2000[00] (iII|I)[10, 11210730, 1212710, 4520]
 2000[00] (iII|I)[11, 11210730, 1212711, 4521]
 2000[00] (iII|I)[12, 11210730, 1212712, 4522]
 2000[00] (iII|I)[13, 11210730, 1212713, 4523]
 2000[00] (iII|I)[14, 11210730, 1212714, 4524]
 2000[00] (iII|I)[15, 11210730, 1212715, 4525]
 2000[00] (iII|I)[16, 11210730, 1212716, 4526]
 2000[00] (iII|I)[17, 11210730, 1212717, 4527]
 2000[00] (iII|I)[18, 11210730, 1212718, 4528]
 2000[00] (iII|I)[19, 11210730, 1212719, 4529]
 2000[00] (iII|I)[20, 11210730, 1212720, 4530]
 2000[00] (iII|I)[21, 11210730, 1212721, 4531]
 2000[00] (iII|I)[22, 11210730, 1212722, 4532]
 2000[00] (iII|I)[23, 11210730, 1212723, 4533]
 2000[00] (iII|I)[24, 11210730, 1212724, 4534]
 2000[00] (iII|I)[25, 11210730, 1212725, 4535]
 2000[00] (iII|IIII)[0, 11210410, 1212722, 11215350, 1213422, 11215355, 11215360]
 2000[00] (iII|IIII)[1, 11210410, 1212723, 11215351, 1213423, 11215356, 11215361]
 2000[00] (iII|IIII)[2, 11210410, 1212724, 11215352, 1213424, 11215357, 11215362]
 2000[00] (iII|IIII)[3, 11210410, 1212725, 11215353, 1213425, 11215358, 11215363]
 2000[00] (iII|IIII)[4, 11210410, 1212718, 11215350, 1213418, 11215355, 11215360]
 2000[00] (iII|IIII)[5, 11210410, 1212719, 11215351, 1213419, 11215356, 11215361]
 2000[00] (iII|IIII)[6, 11210410, 1212720, 11215352, 1213420, 11215357, 11215362]
 2000[00] (iII|IIII)[7, 11210410, 1212721, 11215353, 1213421, 11215358, 11215363]
 2000[00] (iII|IIII)[8, 11210410, 1212716, 11215350, 1213416, 11215355, 11215360]
 2000[00] (iII|IIII)[9, 11210410, 1212717, 11215352, 1213417, 11215357, 11215362]
 2000[00] (iII|IIII)[10, 11210410, 1212709, 11215350, 1213409, 11215355, 11215360]
 2000[00] (iII|IIII)[11, 11210410, 1212710, 11215351, 1213410, 11215356, 11215361]
 2000[00] (iII|IIII)[12, 11210410, 1212711, 11215352, 1213411, 11215357, 11215362]
 2000[00] (iII|IIII)[13, 11210410, 1212712, 11215353, 1213412, 11215358, 11215363]
 2000[00] (iII|IIII)[14, 11210410, 1212705, 11215350, 1213405, 11215355, 11215360]
 2000[00] (iII|IIII)[15, 11210410, 1212706, 11215351, 1213406, 11215356, 11215361]
 2000[00] (iII|IIII)[16, 11210410, 1212707, 11215352, 1213407, 11215357, 11215362]
 2000[00] (iII|IIII)[17, 11210410, 1212708, 11215353, 1213408, 11215358, 11215363]
 2000[00] (iII|IIII)[18, 11210410, 1212703, 11215350, 1213403, 11215355, 11215360]
 2000[00] (iII|IIII)[19, 11210410, 1212704, 11215352, 1213404, 11215357, 11215362]
 2000[00] (iII|I)[0, 11210800, 1212722, 11215350]
 2000[00] (iII|I)[1, 11210800, 1212723, 11215351]
 2000[00] (iII|I)[2, 11210800, 1212724, 11215352]
 2000[00] (iII|I)[3, 11210800, 1212725, 11215353]
 2000[00] (iII|I)[4, 11210800, 1212718, 11215350]
 2000[00] (iII|I)[5, 11210800, 1212719, 11215351]
 2000[00] (iII|I)[6, 11210800, 1212720, 11215352]
 2000[00] (iII|I)[7, 11210800, 1212721, 11215353]
 2000[00] (iII|I)[8, 11210800, 1212716, 11215350]
 2000[00] (iII|I)[9, 11210800, 1212717, 11215352]
 2000[00] (iII|I)[10, 11210800, 1212709, 11215350]
 2000[00] (iII|I)[11, 11210800, 1212710, 11215351]
 2000[00] (iII|I)[12, 11210800, 1212711, 11215352]
 2000[00] (iII|I)[13, 11210800, 1212712, 11215353]
 2000[00] (iII|I)[14, 11210800, 1212705, 11215350]
 2000[00] (iII|I)[15, 11210800, 1212706, 11215351]
 2000[00] (iII|I)[16, 11210800, 1212707, 11215352]
 2000[00] (iII|I)[17, 11210800, 1212708, 11215353]
 2000[00] (iII|I)[18, 11210800, 1212703, 11215350]
 2000[00] (iII|I)[19, 11210800, 1212704, 11215352]
 2000[00] (iII|III)[0, 11210820, 11215350, 11215360, 11210825, 0]
 2000[00] (iII|III)[1, 11210820, 11215351, 11215361, 11210825, 1]
 2000[00] (iII|III)[2, 11210820, 11215352, 11215362, 11210825, 2]
 2000[00] (iII|III)[3, 11210820, 11215353, 11215363, 11210825, 3]
 2000[00] (iII|I)[0, 11210825, 11215360, 11215370]
 2000[00] (iII|I)[1, 11210825, 11215361, 11215371]
 2000[00] (iII|I)[2, 11210825, 11215362, 11215372]
 2000[00] (iII|I)[3, 11210825, 11215363, 11215373]
 2000[00] (iII|IIII)[0, 11210701, 11215350, 11215300, 11215312, 11215318, 11215306]
 2000[00] (iII|IIII)[1, 11210701, 11215351, 11215306, 11215312, 11215318, 11215300]
 2000[00] (iII|IIII)[2, 11210701, 11215352, 11215312, 11215300, 11215306, 11215318]
 2000[00] (iII|IIII)[3, 11210701, 11215353, 11215318, 11215300, 11215306, 11215312]
 2000[00] (iII)[0, 11210434, 0]
 2000[00] (iII|II)[0, 11210430, 11215350, 11215300, 11215312]
 2000[00] (iII|II)[1, 11210430, 11215351, 11215306, 11215312]
 2000[00] (iII|II)[2, 11210430, 11215352, 11215312, 11215300]
 2000[00] (iII|II)[3, 11210430, 11215353, 11215318, 11215300]
 2000[00] (iII|IIII)[0, 11210435, 11215350, 11215300, 11215312, 11215318, 11215306]
 2000[00] (iII|IIII)[1, 11210435, 11215351, 11215306, 11215312, 11215318, 11215300]
 2000[00] (iII|IIII)[2, 11210435, 11215352, 11215312, 11215300, 11215306, 11215318]
 2000[00] (iII|IIII)[3, 11210435, 11215353, 11215318, 11215300, 11215306, 11215312]
 2000[00] (iII|IIII)[0, 11210870, 11215350, 11215300, 11215312, 11215318, 11215306]
 2000[00] (iII|IIII)[1, 11210870, 11215351, 11215306, 11215312, 11215318, 11215300]
 2000[00] (iII|IIII)[2, 11210870, 11215352, 11215312, 11215300, 11215306, 11215318]
 2000[00] (iII|IIII)[3, 11210870, 11215353, 11215318, 11215300, 11215306, 11215312]
 2000[00] (iII|II)[0, 11210831, 11215360, 11215300, 11215305]
 2000[00] (iII|II)[1, 11210831, 11215361, 11215306, 11215311]
 2000[00] (iII|II)[2, 11210831, 11215362, 11215312, 11215317]
 2000[00] (iII|II)[3, 11210831, 11215363, 11215318, 11215323]
 2000[00] (iII|III)[0, 11210760, 1212711, 1211520, 1213202, 11215372]
 2000[00] (iII|III)[1, 11210760, 1212712, 1211521, 1213203, 11215373]
 2000[00] (iII|III)[2, 11210760, 1212709, 1211522, 1213200, 11215370]
 2000[00] (iII|III)[3, 11210760, 1212710, 1211523, 1213201, 11215371]
 2000[00] (iII|III)[4, 11210760, 1212707, 1211530, 1213212, 11215372]
 2000[00] (iII|III)[5, 11210760, 1212708, 1211531, 1213213, 11215373]
 2000[00] (iII|III)[6, 11210760, 1212705, 1211532, 1213210, 11215370]
 2000[00] (iII|III)[7, 11210760, 1212706, 1211533, 1213211, 11215371]
 2000[00] (iII|III)[8, 11210760, 1212704, 1211540, 1213222, 11215372]
 2000[00] (iII|III)[9, 11210760, 1212703, 1211542, 1213220, 11215370]
 2000[00] (iII|III)[10, 11210760, 1212724, 1211550, 1213232, 11215372]
 2000[00] (iII|III)[11, 11210760, 1212725, 1211551, 1213233, 11215373]
 2000[00] (iII|III)[12, 11210760, 1212722, 1211552, 1213230, 11215370]
 2000[00] (iII|III)[13, 11210760, 1212723, 1211553, 1213231, 11215371]
 2000[00] (iII|III)[14, 11210760, 1212720, 1211560, 1213242, 11215372]
 2000[00] (iII|III)[15, 11210760, 1212721, 1211561, 1213243, 11215373]
 2000[00] (iII|III)[16, 11210760, 1212718, 1211562, 1213240, 11215370]
 2000[00] (iII|III)[17, 11210760, 1212719, 1211563, 1213241, 11215371]
 2000[00] (iII|III)[18, 11210760, 1212717, 1211570, 1213252, 11215372]
 2000[00] (iII|III)[19, 11210760, 1212716, 1211572, 1213250, 11215370]
 2000[00] (iII|III)[0, 11210780, 1212711, 1211420, 1213302, 11215362]
 2000[00] (iII|III)[1, 11210780, 1212712, 1211421, 1213303, 11215363]
 2000[00] (iII|III)[2, 11210780, 1212709, 1211422, 1213300, 11215360]
 2000[00] (iII|III)[3, 11210780, 1212710, 1211423, 1213301, 11215361]
 2000[00] (iII|III)[4, 11210780, 1212707, 1211430, 1213302, 11215362]
 2000[00] (iII|III)[5, 11210780, 1212708, 1211431, 1213303, 11215363]
 2000[00] (iII|III)[6, 11210780, 1212705, 1211432, 1213300, 11215360]
 2000[00] (iII|III)[7, 11210780, 1212706, 1211433, 1213301, 11215361]
 2000[00] (iII|III)[8, 11210780, 1212704, 1211440, 1213302, 11215362]
 2000[00] (iII|III)[9, 11210780, 1212703, 1211442, 1213300, 11215360]
 2000[00] (iII|III)[10, 11210780, 1212724, 1211450, 1213302, 11215362]
 2000[00] (iII|III)[11, 11210780, 1212725, 1211451, 1213303, 11215363]
 2000[00] (iII|III)[12, 11210780, 1212722, 1211452, 1213300, 11215360]
 2000[00] (iII|III)[13, 11210780, 1212723, 1211453, 1213301, 11215361]
 2000[00] (iII|III)[14, 11210780, 1212720, 1211460, 1213302, 11215362]
 2000[00] (iII|III)[15, 11210780, 1212721, 1211461, 1213303, 11215363]
 2000[00] (iII|III)[16, 11210780, 1212718, 1211462, 1213300, 11215360]
 2000[00] (iII|III)[17, 11210780, 1212719, 1211463, 1213301, 11215361]
 2000[00] (iII|III)[18, 11210780, 1212717, 1211470, 1213302, 11215362]
 2000[00] (iII|III)[19, 11210780, 1212716, 1211472, 1213300, 11215360]
 2000[00] (iII|IIIII)[0, 11210840, 11215350, 11215370, 11215375, 11215300, 11215306, 150070]
 2000[00] (iII|IIIII)[1, 11210840, 11215351, 11215371, 11215376, 11215306, 11215300, 150071]
 2000[00] (iII|IIIII)[2, 11210840, 11215352, 11215372, 11215377, 11215312, 11215318, 150072]
 2000[00] (iII|IIIII)[3, 11210840, 11215353, 11215373, 11215378, 11215318, 11215312, 150073]
 2000[00] (iII|III)[0, 11210850, 11215350, 11215375, 1212700, 1212703]
 2000[00] (iII|III)[1, 11210850, 11215352, 11215377, 1212700, 1212704]
 2000[00] (iII|III)[2, 11210850, 11215350, 11215375, 1212701, 1212705]
 2000[00] (iII|III)[3, 11210850, 11215351, 11215376, 1212701, 1212706]
 2000[00] (iII|III)[4, 11210850, 11215352, 11215377, 1212701, 1212707]
 2000[00] (iII|III)[5, 11210850, 11215353, 11215378, 1212701, 1212708]
 2000[00] (iII|III)[6, 11210850, 11215350, 11215375, 1212702, 1212709]
 2000[00] (iII|III)[7, 11210850, 11215351, 11215376, 1212702, 1212710]
 2000[00] (iII|III)[8, 11210850, 11215352, 11215377, 1212702, 1212711]
 2000[00] (iII|III)[9, 11210850, 11215353, 11215378, 1212702, 1212712]
 2000[00] (iII|III)[10, 11210850, 11215350, 11215375, 1212713, 1212716]
 2000[00] (iII|III)[11, 11210850, 11215352, 11215377, 1212713, 1212717]
 2000[00] (iII|III)[12, 11210850, 11215350, 11215375, 1212714, 1212718]
 2000[00] (iII|III)[13, 11210850, 11215351, 11215376, 1212714, 1212719]
 2000[00] (iII|III)[14, 11210850, 11215352, 11215377, 1212714, 1212720]
 2000[00] (iII|III)[15, 11210850, 11215353, 11215378, 1212714, 1212721]
 2000[00] (iII|III)[16, 11210850, 11215350, 11215375, 1212715, 1212722]
 2000[00] (iII|III)[17, 11210850, 11215351, 11215376, 1212715, 1212723]
 2000[00] (iII|III)[18, 11210850, 11215352, 11215377, 1212715, 1212724]
 2000[00] (iII|III)[19, 11210850, 11215353, 11215378, 1212715, 1212725]
 2000[00] (iII|I)[0, 11210886, 11215350, 11215375]
 2000[00] (iII|I)[1, 11210886, 11215351, 11215376]
 2000[00] (iII|I)[2, 11210886, 11215352, 11215377]
 2000[00] (iII|I)[3, 11210886, 11215353, 11215378]
 2000[00] (iII|I)[0, 11210880, 1212700, 1212703]
 2000[00] (iII|I)[1, 11210880, 1212701, 1212705]
 2000[00] (iII|I)[2, 11210880, 1212702, 1212709]
 2000[00] (iII|I)[3, 11210880, 1212713, 1212716]
 2000[00] (iII|I)[4, 11210880, 1212714, 1212718]
 2000[00] (iII|I)[5, 11210880, 1212715, 1212722]
 2000[00] (iII|I)[0, 11210890, 1212730, 1218215]
 2000[00] (iII|I)[1, 11210890, 1212731, 1218213]
 2000[00] (iII|I)[2, 11210890, 1212732, 1218211]
 2000[00] (iII|I)[3, 11210890, 1212733, 1218214]
 2000[00] (iII|I)[4, 11210890, 1212734, 1218212]
 2000[00] (iII|I)[5, 11210890, 1212735, 1218210]

11210708, 0
 1003[02] (BBBi)[0, 1, 1, 0]
 0003[02] (bBii)[-1, 1, 10000, 1212700]
 0003[02] (bBii)[-1, 1, 10000, 1212701]
 0003[02] (bBii)[-1, 1, 10000, 1212702]
 0003[02] (bBii)[-1, 1, 10000, 1212713]
 0003[02] (bBii)[-1, 1, 10000, 1212714]
 0003[02] (bBii)[-1, 1, 10000, 1212715]
 0000[00] (bBb)[1, 1, -1]
 0000[00] (bBb)[0, 1, 1]
 0003[04] (bBiB)[2, 3, 118, 1]
 1000[02] (BBb)[0, 1, 2]
 2003[04] (i)[2200]

11210710, 0
 0003[05] (biifhfiBi)[0, 0, 0, 180.0, 100, 2.0, 0, 48, 0]
    ^(8 <- 0, 4)
    ^(24 <- 8, 4)
 2003[02] (iB)[11215341, 1]
 2003[02] (iB)[11210709, 1]
 2004[14] (ii)[10000, 0]
    ^(4 <- 0, 4)
 2003[18] (iiBBB)[10000, 7114, 0, 0, 0]
 1001[00] (f)[0.699999988079071]
 2006[03] (iiii)[2, 10000, 17, 90021]
 1001[00] (f)[1.5]
 0004[02] (bibf)[1, 10000, 0, 0.0]
 1000[02] (BBb)[0, 1, 1]
 1000[05] (Bbii)[1, 0, 0, 0]
    ^(8 <- 12, 4)
 2003[22] (iiB)[7000, 7799, 0]
 1000[05] (Bbii)[1, 0, 1, 0]
    ^(8 <- 12, 4)
 2003[40] ()[]
 2003[22] (iiB)[8140, 8146, 0]
 2003[14] (BBi)[12, 1, 0]
    ^(4 <- 4, 4)

11210730, 0
 2000[02] (B)[0]
 0003[00] (bBBi)[1, 0, 0, 11215390]
 0003[00] (bBBi)[1, 0, 0, 765]
 0003[02] (bBii)[1, 1, 10000, 0]
    ^(8 <- 0, 4)
 0000[00] (bBb)[0, 1, 1]
 2004[08] (ii)[10000, 0]
    ^(4 <- 4, 4)
 1001[01] (i)[10]
 1000[04] (B)[1]

11210878, 0
 2000[02] (B)[0]
 0003[02] (bBii)[-1, 1, 10000, 1212700]
 0003[02] (bBii)[-1, 1, 10000, 1212701]
 0003[02] (bBii)[-1, 1, 10000, 1212702]
 0003[02] (bBii)[-1, 1, 10000, 1212713]
 0003[02] (bBii)[-1, 1, 10000, 1212714]
 0003[02] (bBii)[-1, 1, 10000, 1212715]
 0000[00] (bBb)[1, 1, -1]
 0000[00] (bBb)[0, 1, 1]
 2004[08] (ii)[10000, 4610]
 1003[01] (BBBi)[1, 1, 0, 11215398]
 2004[08] (ii)[10000, 4613]
 1001[00] (f)[1.0]
 1000[04] (B)[1]

11215398, 0
 2000[02] (B)[0]
 0003[02] (bBii)[-1, 1, 10000, 1212740]
 0003[02] (bBii)[-1, 1, 10000, 1212741]
 0000[00] (bBb)[0, 1, -1]
 2004[21] (ii)[10000, 4613]
 1000[04] (B)[1]

11210875, 0
 2000[02] (B)[0]
 0003[06] (bb)[1, 2]
 0003[02] (bBii)[-1, 1, 10000, 1212703]
 0003[02] (bBii)[-1, 1, 10000, 1212704]
 0003[02] (bBii)[-1, 1, 10000, 1212705]
 0003[02] (bBii)[-1, 1, 10000, 1212706]
 0003[02] (bBii)[-1, 1, 10000, 1212707]
 0003[02] (bBii)[-1, 1, 10000, 1212708]
 0003[02] (bBii)[-1, 1, 10000, 1212709]
 0003[02] (bBii)[-1, 1, 10000, 1212710]
 0003[02] (bBii)[-1, 1, 10000, 1212711]
 0003[02] (bBii)[-1, 1, 10000, 1212712]
 0003[02] (bBii)[-1, 1, 10000, 1212716]
 0003[02] (bBii)[-1, 1, 10000, 1212717]
 0003[02] (bBii)[-1, 1, 10000, 1212718]
 0003[02] (bBii)[-1, 1, 10000, 1212719]
 0003[02] (bBii)[-1, 1, 10000, 1212720]
 0003[02] (bBii)[-1, 1, 10000, 1212721]
 0003[02] (bBii)[-1, 1, 10000, 1212722]
 0003[02] (bBii)[-1, 1, 10000, 1212723]
 0003[02] (bBii)[-1, 1, 10000, 1212724]
 0003[02] (bBii)[-1, 1, 10000, 1212725]
 0000[00] (bBb)[1, 1, -1]
 0000[00] (bBb)[0, 1, 1]
 2003[02] (iB)[11215394, 1]
 2004[15] (iB)[10000, 1]
 2004[08] (ii)[10000, 90000]
 1001[00] (f)[4.0]
 2003[08] (iiB)[11210876, 0, 1]
 1000[04] (B)[1]

11210876, 0
 2000[02] (B)[0]
 0003[00] (bBBi)[0, 1, 0, 11215394]
 1001[00] (f)[5.0]
 2003[02] (iB)[11215394, 0]
 1003[01] (BBBi)[2, 1, 0, 11215391]
 2004[15] (iB)[10000, 0]
 2004[21] (ii)[10000, 90000]
 1000[04] (B)[1]

11210780, 0
 1003[05] (Bb)[1, 0]
 1003[01] (BBBi)[9, 1, 0, 0]
    ^(4 <- 12, 4)
 2005[07] (ii)[0, 1]
    ^(0 <- 4, 4)
 2011[01] (iB)[0, 0]
    ^(0 <- 8, 4)
 0003[06] (bb)[1, 2]
 0003[02] (bBii)[-1, 1, 10000, 0]
    ^(8 <- 0, 4)
 0003[00] (bBBi)[-1, 1, 0, 0]
    ^(4 <- 12, 4)
 0000[00] (bBb)[1, 1, -1]
 0000[00] (bBb)[0, 1, 1]
 2011[01] (iB)[0, 1]
    ^(0 <- 8, 4)
 2003[18] (iiBBB)[0, 0, 0, 1, 0]
    ^(0 <- 4, 4)
 0003[00] (bBBi)[2, 0, 0, 11215340]
 0003[06] (bb)[-2, 3]
 0003[00] (bBBi)[3, 0, 0, 0]
    ^(4 <- 12, 4)
 0003[07] (bBi)[3, 0, 0]
    ^(4 <- 0, 4)
 0000[00] (bBb)[-2, 1, 3]
 0000[00] (bBb)[2, 1, -2]
 0000[00] (bBb)[0, 1, 2]
 2003[18] (iiBBB)[0, 1, 0, 1, 0]
    ^(0 <- 4, 4)
 1000[04] (B)[1]

11210410, 0
 1003[01] (BBBi)[10, 1, 0, 0]
    ^(4 <- 12, 4)
 0003[00] (bBBi)[1, 0, 0, 765]
 0003[00] (bBBi)[1, 0, 0, 11215390]
 0003[00] (bBBi)[1, 1, 0, 0]
    ^(4 <- 4, 4)
 0003[02] (bBii)[1, 1, 10000, 0]
    ^(8 <- 0, 4)
 0003[00] (bBBi)[5, 1, 0, 0]
    ^(4 <- 16, 4)
 0003[00] (bBBi)[5, 0, 0, 11215390]
 0001[00] (bf)[5, 15.0]
 0000[00] (bBb)[-2, 1, 1]
 0000[00] (bBb)[-2, 1, 5]
 0000[00] (bBb)[0, 1, -2]
 2003[02] (iB)[0, 1]
    ^(0 <- 12, 4)
 1003[05] (Bb)[1, 2]
 2007[04] (iB)[150000, 1]
 2006[02] (i)[0]
    ^(0 <- 8, 4)
 1003[01] (BBBi)[11, 0, 0, 0]
    ^(4 <- 12, 4)
 0003[00] (bBBi)[2, 1, 0, 0]
    ^(4 <- 4, 4)
 0003[02] (bBii)[2, 0, 10000, 0]
    ^(8 <- 0, 4)
 0003[06] (bb)[3, 2]
 0003[00] (bBBi)[3, 0, 0, 0]
    ^(4 <- 16, 4)
 0001[00] (bf)[3, 5.0]
 0003[06] (bb)[4, 3]
 0003[00] (bBBi)[4, 0, 0, 0]
    ^(4 <- 4, 4)
 0000[00] (bBb)[-1, 1, 2]
 0000[00] (bBb)[-1, 1, 3]
 0000[00] (bBb)[-1, 1, 4]
 0000[00] (bBb)[0, 1, -1]
 2003[02] (iB)[0, 0]
    ^(0 <- 12, 4)
 2006[01] (iB)[0, 1]
    ^(0 <- 8, 4)
 1000[04] (B)[1]

11210800, 0
 2000[02] (B)[0]
 0003[02] (bBii)[0, 1, 10000, 0]
    ^(8 <- 0, 4)
 2003[22] (iiB)[11215350, 11215353, 0]
 2003[02] (iB)[0, 1]
    ^(0 <- 4, 4)
 0003[00] (bBBi)[0, 0, 0, 0]
    ^(4 <- 4, 4)
 1000[04] (B)[1]

11210820, 0
 0003[06] (bb)[1, 2]
 1000[05] (Bbii)[1, 0, 0, 11215350]
    ^(4 <- 0, 4)
 0003[06] (bb)[1, 1]
 0003[00] (bBBi)[1, 1, 0, 0]
    ^(4 <- 0, 4)
 0001[00] (bf)[1, 3.0]
 0000[00] (bBb)[0, 1, 1]
 2003[02] (iB)[0, 1]
    ^(0 <- 4, 4)
 2003[08] (iiB)[0, 0, 1]
    ^(0 <- 8, 4)
    ^(4 <- 12, 4)
 1000[04] (B)[1]

11210825, 0
 2000[02] (B)[0]
 0003[00] (bBBi)[1, 1, 0, 0]
    ^(4 <- 0, 4)
 0001[00] (bf)[1, 10.0]
 0000[00] (bBb)[0, 1, 1]
 1003[02] (BBBi)[1, 1, 0, 0]
    ^(4 <- 4, 4)
 2003[02] (iB)[0, 0]
    ^(0 <- 0, 4)
 1000[04] (B)[1]

11210830, 0
 0003[02] (bBii)[1, 1, 10000, 1212715]
 0003[01] (bBBii)[1, 0, 0, 11215360, 11215363]
 0003[02] (bBii)[2, 1, 10000, 1212702]
 0003[01] (bBBii)[2, 0, 0, 11215360, 11215363]
 0003[02] (bBii)[3, 1, 10000, 1212714]
 0003[01] (bBBii)[3, 0, 0, 11215360, 11215363]
 0003[02] (bBii)[4, 1, 10000, 1212701]
 0003[01] (bBBii)[4, 0, 0, 11215360, 11215363]
 0003[02] (bBii)[5, 1, 10000, 1212713]
 0003[00] (bBBi)[5, 1, 0, 11215360]
 0003[00] (bBBi)[5, 1, 0, 11215362]
 0003[02] (bBii)[6, 1, 10000, 1212700]
 0003[00] (bBBi)[6, 1, 0, 11215360]
 0003[00] (bBBi)[6, 1, 0, 11215362]
 0000[00] (bBb)[-1, 1, 1]
 0000[00] (bBb)[-1, 1, 2]
 0000[00] (bBb)[-1, 1, 3]
 0000[00] (bBb)[-1, 1, 4]
 0000[00] (bBb)[-1, 1, 5]
 0000[00] (bBb)[-1, 1, 6]
 0000[00] (bBb)[0, 1, -1]
 2003[02] (iB)[11215340, 1]
 1000[07] (BBb)[2, 1, 3]
 1000[07] (BBb)[1, 1, 4]
 1000[03] (B)[1]
 2003[02] (iB)[11215392, 1]
 1000[07] (BBb)[2, 1, 1]
 1000[07] (BBb)[1, 1, 2]
 1000[03] (B)[1]
 2003[02] (iB)[11215395, 1]
 1001[00] (f)[8.0]
 1003[01] (BBBi)[3, 1, 0, 11215395]
 1003[01] (BBBi)[2, 1, 0, 11215392]
 2007[04] (iB)[150215, 1]
 1000[03] (B)[1]
 2007[04] (iB)[150205, 1]
 1001[00] (f)[2.0]
 2003[02] (iB)[11215390, 1]
 0003[00] (bBBi)[0, 0, 0, 11215390]
 1000[04] (B)[1]

11210831, 0
 0003[06] (bb)[1, 0]
 0003[00] (bBBi)[1, 1, 0, 11215390]
 0003[00] (bBBi)[1, 0, 0, 0]
    ^(4 <- 0, 4)
 0003[01] (bBBii)[1, 3, 0, 0, 0]
    ^(4 <- 4, 4)
    ^(8 <- 8, 4)
 0000[00] (bBb)[0, 1, 1]
 1003[01] (BBBi)[1, 1, 0, 11215392]
 2003[22] (iiB)[0, 0, 1]
    ^(0 <- 4, 4)
    ^(4 <- 8, 4)

11210835, 0
 2000[02] (B)[0]
 0003[06] (bb)[1, 0]
 0003[00] (bBBi)[1, 0, 0, 11215391]
 0003[00] (bBBi)[1, 1, 0, 11215390]
 0000[00] (bBb)[0, 1, 1]
 1003[01] (BBBi)[3, 1, 0, 11215395]
 1003[01] (BBBi)[2, 1, 0, 11215392]
 1001[00] (f)[0.0]
    ^(0 <- 0, 4)
 1000[03] (B)[1]
 1001[00] (f)[0.0]
    ^(0 <- 8, 4)
 2003[02] (iB)[11215396, 1]
 1003[01] (BBBi)[3, 1, 0, 11215395]
 1003[01] (BBBi)[2, 1, 0, 11215392]
 1001[00] (f)[0.0]
    ^(0 <- 4, 4)
 1000[03] (B)[1]
 1001[00] (f)[0.0]
    ^(0 <- 12, 4)
 0003[00] (bBBi)[0, 0, 0, 904]
 2003[02] (iB)[11215391, 1]
 1000[04] (B)[1]

11210836, 0
 0003[00] (bBBi)[0, 1, 0, 11215396]
 2003[02] (iB)[11215396, 1]
 1003[01] (BBBi)[3, 1, 0, 11215395]
 1003[01] (BBBi)[2, 1, 0, 11215392]
 2007[04] (iB)[150115, 0]
 1000[03] (B)[1]
 2007[04] (iB)[150105, 0]
 0003[00] (bBBi)[0, 1, 0, 11215391]
 2003[02] (iB)[11215391, 1]
 2007[04] (iB)[150300, 0]
 0003[00] (bBBi)[0, 0, 0, 11215391]
 1000[04] (B)[1]

11210760, 0
 0003[00] (bBBi)[1, 1, 0, 11215390]
 0003[00] (bBBi)[1, 0, 0, 0]
    ^(4 <- 12, 4)
 0003[02] (bBii)[1, 1, 10000, 0]
    ^(8 <- 0, 4)
 0000[00] (bBb)[0, 1, 1]
 1001[00] (f)[1.0]
 2011[01] (iB)[0, 0]
    ^(0 <- 8, 4)
 2003[18] (iiBBB)[0, 1, 0, 1, 0]
    ^(0 <- 4, 4)
 2011[01] (iB)[0, 1]
    ^(0 <- 8, 4)
 1000[04] (B)[1]

11210840, 0
 0003[00] (bBBi)[1, 1, 0, 0]
    ^(4 <- 0, 4)
 0003[00] (bBBi)[1, 1, 0, 11215390]
 0003[00] (bBBi)[1, 0, 0, 11215391]
 0004[14] (biBi)[1, 10000, 0, 1]
 0000[00] (bBb)[0, 1, 1]
 2004[15] (iB)[10000, 1]
 2004[08] (ii)[10000, 101]
 2004[08] (ii)[10000, 102]
 2004[08] (ii)[10000, 103]
 2004[08] (ii)[10000, 104]
 2004[08] (ii)[10000, 4611]
 1003[01] (BBBi)[2, 1, 0, 0]
    ^(4 <- 0, 4)
 2007[04] (iB)[0, 1]
    ^(0 <- 20, 4)
 1000[03] (B)[1]
 2007[04] (iB)[150023, 1]
 2003[31] (iII)[0, 6, 63]
    ^(0 <- 12, 4)
 1003[01] (BBBi)[1, 0, 0, 11215392]
 2003[31] (iII)[0, 6, 63]
    ^(0 <- 16, 4)
 1001[00] (f)[3.0]
 2003[02] (iB)[0, 1]
    ^(0 <- 4, 4)
 2003[02] (iB)[0, 1]
    ^(0 <- 8, 4)
 0003[00] (bBBi)[0, 0, 0, 0]
    ^(4 <- 8, 4)
 2003[02] (iB)[0, 0]
    ^(0 <- 8, 4)
 1003[01] (BBBi)[1, 1, 0, 0]
    ^(4 <- 0, 4)
 2004[15] (iB)[10000, 0]
 2004[21] (ii)[10000, 4611]
 2004[43] (iB)[10000, 1]
 2003[18] (iiBBB)[10000, 6950, 0, 1, 0]
 2003[02] (iB)[0, 0]
    ^(0 <- 4, 4)
 1000[04] (B)[1]

11210850, 0
 2000[02] (B)[0]
 0003[00] (bBBi)[1, 1, 0, 0]
    ^(4 <- 0, 4)
 0003[00] (bBBi)[1, 1, 0, 0]
    ^(4 <- 4, 4)
 0003[02] (bBii)[1, 1, 10000, 0]
    ^(8 <- 8, 4)
 0000[00] (bBb)[0, 1, 1]
 2002[02] (iIiBB)[120130, 2, 0, 12, 1]
    ^(8 <- 12, 4)
 1001[01] (i)[1]
 2004[47] ()[]
 2003[02] (iB)[0, 0]
    ^(0 <- 4, 4)
 1000[04] (B)[1]

11210886, 0
 0003[00] (bBBi)[1, 1, 0, 0]
    ^(4 <- 0, 4)
 0003[00] (bBBi)[1, 1, 0, 0]
    ^(4 <- 4, 4)
 0000[00] (bBb)[0, 1, 1]
 1003[01] (BBBi)[1, 1, 0, 0]
    ^(4 <- 0, 4)
 2004[05] (iB)[10000, 0]
 0003[00] (bBBi)[2, 1, 0, 0]
    ^(4 <- 0, 4)
 0003[00] (bBBi)[2, 0, 0, 0]
    ^(4 <- 4, 4)
 0001[00] (bf)[2, 2.0]
 0000[00] (bBb)[0, 1, 2]
 1003[01] (BBBi)[1, 1, 0, 0]
    ^(4 <- 0, 4)
 2004[05] (iB)[10000, 1]
 1000[04] (B)[1]

11210870, 0
 2000[02] (B)[0]
 0003[00] (bBBi)[1, 1, 0, 0]
    ^(4 <- 0, 4)
 0003[00] (bBBi)[1, 1, 0, 11215390]
 0003[00] (bBBi)[1, 1, 0, 11215391]
 0000[00] (bBb)[0, 1, 1]
 2004[15] (iB)[10000, 1]
 2004[08] (ii)[10000, 90000]
 1001[00] (f)[6.0]
 2003[02] (iB)[11215397, 1]
 0003[20] (biBBiB)[2, 0, 6, 3, 0, 6]
    ^(4 <- 4, 4)
    ^(12 <- 8, 4)
 0003[20] (biBBiB)[2, 0, 6, 3, 0, 6]
    ^(4 <- 4, 4)
    ^(12 <- 12, 4)
 1003[01] (BBBi)[1, 1, 0, 11215392]
 0003[20] (biBBiB)[2, 0, 6, 3, 0, 6]
    ^(4 <- 4, 4)
    ^(12 <- 16, 4)
 0003[20] (biBBiB)[-1, 0, 6, 2, 0, 6]
    ^(4 <- 4, 4)
    ^(12 <- 8, 4)
 0003[20] (biBBiB)[-1, 0, 6, 2, 0, 6]
    ^(4 <- 4, 4)
    ^(12 <- 12, 4)
 1003[01] (BBBi)[1, 1, 0, 11215392]
 0003[20] (biBBiB)[-1, 0, 6, 2, 0, 6]
    ^(4 <- 4, 4)
    ^(12 <- 16, 4)
 0003[20] (biBBiB)[3, 0, 6, 0, 0, 6]
    ^(4 <- 4, 4)
    ^(12 <- 8, 4)
 1003[01] (BBBi)[8, 1, 0, 11215392]
 0003[20] (biBBiB)[3, 0, 6, 3, 0, 6]
    ^(4 <- 4, 4)
    ^(12 <- 12, 4)
 0003[20] (biBBiB)[3, 0, 6, 3, 0, 6]
    ^(4 <- 4, 4)
    ^(12 <- 16, 4)
 0003[20] (biBBiB)[4, 0, 6, 3, 0, 6]
    ^(4 <- 4, 4)
    ^(12 <- 8, 4)
 0003[20] (biBBiB)[4, 0, 6, 0, 0, 6]
    ^(4 <- 4, 4)
    ^(12 <- 12, 4)
 0003[20] (biBBiB)[4, 0, 6, 3, 0, 6]
    ^(4 <- 4, 4)
    ^(12 <- 16, 4)
 0003[20] (biBBiB)[5, 0, 6, 3, 0, 6]
    ^(4 <- 4, 4)
    ^(12 <- 8, 4)
 0003[20] (biBBiB)[5, 0, 6, 3, 0, 6]
    ^(4 <- 4, 4)
    ^(12 <- 12, 4)
 0003[20] (biBBiB)[5, 0, 6, 0, 0, 6]
    ^(4 <- 4, 4)
    ^(12 <- 16, 4)
 0000[00] (bBb)[-2, 1, 3]
 0000[00] (bBb)[-2, 1, 4]
 0000[00] (bBb)[-2, 1, 5]
 1000[01] (BBb)[3, 1, 2]
 1000[01] (BBb)[11, 1, -1]
 1000[01] (BBb)[6, 1, -2]
 1000[03] (B)[5]
 2003[02] (iB)[11215393, 1]
 2007[02] (B)[15]
 1001[00] (f)[2.0]
 2007[04] (iB)[150050, 1]
 1000[03] (B)[29]
 2007[02] (B)[17]
 1001[00] (f)[2.0]
 2007[04] (iB)[150055, 1]
 1000[03] (B)[18]
 2003[32] (iI)[7000, 10]
 2003[32] (iI)[7050, 10]
 2003[32] (iI)[7100, 10]
 2003[32] (iI)[7150, 10]
 2003[32] (iI)[7200, 10]
 2003[32] (iI)[7250, 10]
 2003[32] (iI)[7300, 10]
 2003[32] (iI)[7350, 10]
 2003[32] (iI)[7400, 10]
 2003[32] (iI)[7450, 10]
 2003[32] (iI)[7500, 10]
 2003[32] (iI)[7550, 10]
 2003[32] (iI)[7600, 10]
 2003[32] (iI)[7650, 10]
 2003[32] (iI)[7700, 10]
 2007[02] (B)[16]
 1001[00] (f)[2.0]
 2007[04] (iB)[150060, 1]
 1003[01] (BBBi)[2, 0, 0, 11215392]
 2003[38] ()[]
 1000[03] (B)[4]
 1003[01] (BBBi)[2, 0, 0, 11215395]
 2003[39] ()[]
 1000[03] (B)[1]
 2003[37] ()[]
 1001[00] (f)[8.0]
 2004[15] (iB)[10000, 0]
 2004[21] (ii)[10000, 90000]
 2003[40] ()[]

11210705, 0
 2000[02] (B)[0]
 0003[00] (bBBi)[1, 0, 0, 11215392]
 0003[00] (bBBi)[1, 0, 0, 11215395]
 0003[00] (bBBi)[1, 1, 0, 11215393]
 0000[00] (bBb)[0, 1, 1]
 1003[01] (BBBi)[2, 0, 0, 11215380]
 2003[31] (iII)[7000, 10, 1000]
 0003[20] (biBBiB)[2, 7000, 10, 2, 6000, 10]
 1003[01] (BBBi)[2, 0, 0, 11215381]
 2003[31] (iII)[7050, 10, 1000]
 0003[20] (biBBiB)[2, 7050, 10, 2, 6050, 10]
 1003[01] (BBBi)[2, 0, 0, 11215382]
 2003[31] (iII)[7100, 10, 1000]
 0003[20] (biBBiB)[2, 7100, 10, 2, 6100, 10]
 1003[01] (BBBi)[2, 0, 0, 11215383]
 2003[31] (iII)[7150, 10, 1000]
 0003[20] (biBBiB)[2, 7150, 10, 2, 6150, 10]
 2003[31] (iII)[7200, 10, 1000]
 1000[01] (BBb)[3, 1, 2]
 2003[37] ()[]
 2003[02] (iB)[11215393, 0]
 1000[04] (B)[1]
 1003[01] (BBBi)[1, 0, 0, 11215380]
 2003[31] (iII)[6000, 10, 1000]
 1003[01] (BBBi)[1, 0, 0, 11215381]
 2003[31] (iII)[6050, 10, 1000]
 1003[01] (BBBi)[1, 0, 0, 11215382]
 2003[31] (iII)[6100, 10, 1000]
 1003[01] (BBBi)[1, 0, 0, 11215383]
 2003[31] (iII)[6150, 10, 1000]
 0003[20] (biBBiB)[3, 7200, 10, 2, 6200, 10]
 1000[01] (BBb)[1, 0, 3]
 2003[31] (iII)[6200, 10, 1000]
 2003[37] ()[]
 2003[02] (iB)[11215393, 0]
 1000[04] (B)[1]

11210706, 0
 2000[02] (B)[0]
 0003[00] (bBBi)[1, 1, 0, 11215392]
 0003[00] (bBBi)[1, 0, 0, 11215395]
 0003[00] (bBBi)[1, 1, 0, 11215393]
 0000[00] (bBb)[0, 1, 1]
 1003[01] (BBBi)[2, 0, 0, 11215380]
 2003[31] (iII)[7250, 10, 1000]
 0003[20] (biBBiB)[2, 7250, 10, 2, 6250, 10]
 1003[01] (BBBi)[2, 0, 0, 11215381]
 2003[31] (iII)[7300, 10, 1000]
 0003[20] (biBBiB)[2, 7300, 10, 2, 6300, 10]
 1003[01] (BBBi)[2, 0, 0, 11215382]
 2003[31] (iII)[7350, 10, 1000]
 0003[20] (biBBiB)[2, 7350, 10, 2, 6350, 10]
 1003[01] (BBBi)[2, 0, 0, 11215383]
 2003[31] (iII)[7400, 10, 1000]
 0003[20] (biBBiB)[2, 7400, 10, 2, 6400, 10]
 2003[31] (iII)[7450, 10, 1000]
 1000[01] (BBb)[3, 1, 2]
 2003[38] ()[]
 2003[02] (iB)[11215393, 0]
 1000[04] (B)[1]
 1003[01] (BBBi)[1, 0, 0, 11215380]
 2003[31] (iII)[6250, 10, 1000]
 1003[01] (BBBi)[1, 0, 0, 11215381]
 2003[31] (iII)[6300, 10, 1000]
 1003[01] (BBBi)[1, 0, 0, 11215382]
 2003[31] (iII)[6350, 10, 1000]
 1003[01] (BBBi)[1, 0, 0, 11215383]
 2003[31] (iII)[6400, 10, 1000]
 0003[20] (biBBiB)[3, 7450, 10, 2, 6450, 10]
 1000[01] (BBb)[1, 0, 3]
 2003[31] (iII)[6450, 10, 1000]
 2003[38] ()[]
 2003[02] (iB)[11215393, 0]
 1000[04] (B)[1]

11210707, 0
 2000[02] (B)[0]
 0003[00] (bBBi)[1, 0, 0, 11215392]
 0003[00] (bBBi)[1, 1, 0, 11215395]
 0003[00] (bBBi)[1, 1, 0, 11215393]
 0000[00] (bBb)[0, 1, 1]
 1003[01] (BBBi)[2, 0, 0, 11215380]
 2003[31] (iII)[7500, 10, 1000]
 0003[20] (biBBiB)[2, 7500, 10, 2, 6500, 10]
 1003[01] (BBBi)[2, 0, 0, 11215381]
 2003[31] (iII)[7550, 10, 1000]
 0003[20] (biBBiB)[2, 7550, 10, 2, 6550, 10]
 1003[01] (BBBi)[2, 0, 0, 11215382]
 2003[31] (iII)[7600, 10, 1000]
 0003[20] (biBBiB)[2, 7600, 10, 2, 6600, 10]
 1003[01] (BBBi)[2, 0, 0, 11215383]
 2003[31] (iII)[7650, 10, 1000]
 0003[20] (biBBiB)[2, 7650, 10, 2, 6650, 10]
 2003[31] (iII)[7700, 10, 1000]
 1000[01] (BBb)[3, 1, 2]
 2003[39] ()[]
 2003[02] (iB)[11215393, 0]
 1000[04] (B)[1]
 1003[01] (BBBi)[1, 0, 0, 11215380]
 2003[31] (iII)[6500, 10, 1000]
 1003[01] (BBBi)[1, 0, 0, 11215381]
 2003[31] (iII)[6550, 10, 1000]
 1003[01] (BBBi)[1, 0, 0, 11215382]
 2003[31] (iII)[6600, 10, 1000]
 1003[01] (BBBi)[1, 0, 0, 11215383]
 2003[31] (iII)[6650, 10, 1000]
 0003[20] (biBBiB)[3, 7700, 10, 2, 6700, 10]
 1000[01] (BBb)[1, 0, 3]
 2003[31] (iII)[6700, 10, 1000]
 2003[39] ()[]
 2003[02] (iB)[11215393, 0]
 1000[04] (B)[1]

11210838, 0
 2000[02] (B)[0]
 0003[02] (bBii)[-1, 1, 10000, 1212700]
 0003[02] (bBii)[-1, 1, 10000, 1212701]
 0003[02] (bBii)[-1, 1, 10000, 1212702]
 0003[02] (bBii)[-1, 1, 10000, 1212713]
 0003[02] (bBii)[-1, 1, 10000, 1212714]
 0003[02] (bBii)[-1, 1, 10000, 1212715]
 0000[00] (bBb)[0, 1, -1]
 2004[47] ()[]

11210839, 0
 2000[02] (B)[0]
 2003[22] (iiB)[8140, 8145, 0]
 0003[06] (bb)[1, 2]
 0003[02] (bBii)[1, 1, 10000, 1212700]
 0003[06] (bb)[2, 2]
 0003[02] (bBii)[2, 1, 10000, 1212701]
 0003[06] (bb)[3, 2]
 0003[02] (bBii)[3, 1, 10000, 1212702]
 0003[06] (bb)[4, 2]
 0003[02] (bBii)[4, 1, 10000, 1212713]
 0003[06] (bb)[5, 2]
 0003[02] (bBii)[5, 1, 10000, 1212714]
 0003[06] (bb)[6, 2]
 0003[02] (bBii)[6, 1, 10000, 1212715]
 0000[00] (bBb)[-1, 1, 1]
 0000[00] (bBb)[-1, 1, 2]
 0000[00] (bBb)[-1, 1, 3]
 0000[00] (bBb)[-1, 1, 4]
 0000[00] (bBb)[-1, 1, 5]
 0000[00] (bBb)[-1, 1, 6]
 0000[00] (bBb)[0, 1, -1]
 1000[07] (BBb)[1, 0, 1]
 2003[02] (iB)[8145, 1]
 1000[07] (BBb)[1, 0, 2]
 2003[02] (iB)[8143, 1]
 1000[07] (BBb)[1, 0, 3]
 2003[02] (iB)[8141, 1]
 1000[07] (BBb)[1, 0, 4]
 2003[02] (iB)[8144, 1]
 1000[07] (BBb)[1, 0, 5]
 2003[02] (iB)[8142, 1]
 1000[07] (BBb)[1, 0, 6]
 2003[02] (iB)[8140, 1]

11210877, 0
 2000[02] (B)[0]
 0003[00] (bBBi)[7, 1, 0, 11215390]
 0003[01] (bBBii)[7, 1, 0, 11215380, 11215383]
 0000[00] (bBb)[0, 1, 7]
 0004[13] (bBI)[1, 5, 50]
 1000[01] (BBb)[2, 0, 1]
 2003[02] (iB)[11215380, 1]
 1000[04] (B)[1]
 0004[13] (bBI)[2, 2, 50]
 0004[13] (bBI)[2, 5, 100]
 1000[01] (BBb)[2, 0, 2]
 2003[02] (iB)[11215381, 1]
 1000[04] (B)[1]
 0004[13] (bBI)[3, 2, 100]
 0004[13] (bBI)[3, 5, 200]
 1000[01] (BBb)[2, 0, 3]
 2003[02] (iB)[11215382, 1]
 1000[04] (B)[1]
 2003[02] (iB)[11215383, 1]
 1000[04] (B)[1]

11210880, 0
 2000[02] (B)[0]
 1003[06] (Bb)[0, 1]
 0003[06] (bb)[1, 0]
 0003[06] (bb)[1, 2]
 0003[00] (bBBi)[1, 0, 0, 11215341]
 0003[00] (bBBi)[1, 0, 0, 11215390]
 0003[02] (bBii)[1, 1, 10000, 0]
    ^(8 <- 0, 4)
 0003[02] (bBii)[1, 0, 10000, 0]
    ^(8 <- 4, 4)
 0000[00] (bBb)[0, 1, 1]
 2002[02] (iIiBB)[120130, 2, 0, 12, 1]
    ^(8 <- 4, 4)
 1001[01] (i)[1]
 1000[04] (B)[1]

11210890, 0
 2000[02] (B)[0]
 0003[00] (bBBi)[1, 1, 0, 11215390]
 0003[06] (bb)[1, 3]
 0003[02] (bBii)[1, 1, 10000, 0]
    ^(8 <- 0, 4)
 0000[00] (bBb)[0, 1, 1]
 1001[00] (f)[3.0]
 2003[14] (BBi)[12, 1, 0]
    ^(4 <- 4, 4)
 1001[00] (f)[3.0]
 1000[04] (B)[1]

11210701, 0
 0003[00] (bBBi)[-1, 0, 0, 11215396]
 0003[00] (bBBi)[-1, 1, 0, 11215397]
 0000[00] (bBb)[1, 1, -1]
 0003[00] (bBBi)[1, 1, 0, 11215390]
 0003[00] (bBBi)[1, 1, 0, 0]
    ^(4 <- 0, 4)
 0003[00] (bBBi)[2, 0, 0, 11215395]
 0003[20] (biBBiB)[2, 0, 6, 3, 0, 6]
    ^(4 <- 4, 4)
    ^(12 <- 8, 4)
 0003[00] (bBBi)[3, 1, 0, 11215395]
 0003[20] (biBBiB)[3, 0, 6, 3, 0, 6]
    ^(4 <- 4, 4)
    ^(12 <- 8, 4)
 0003[20] (biBBiB)[3, 0, 6, 3, 0, 6]
    ^(4 <- 4, 4)
    ^(12 <- 12, 4)
 0003[20] (biBBiB)[3, 0, 6, 3, 0, 6]
    ^(4 <- 4, 4)
    ^(12 <- 16, 4)
 0000[00] (bBb)[-2, 1, 2]
 0000[00] (bBb)[-2, 1, 3]
 0000[00] (bBb)[1, 1, -2]
 0003[00] (bBBi)[4, 1, 0, 11215342]
 0003[00] (bBBi)[5, 1, 0, 11215343]
 0003[00] (bBBi)[6, 1, 0, 11215344]
 0003[00] (bBBi)[7, 1, 0, 11215345]
 0000[00] (bBb)[0, 1, 1]
 1000[07] (BBb)[1, 0, 4]
 2004[08] (ii)[10000, 4615]
 1000[07] (BBb)[1, 0, 5]
 2004[08] (ii)[10000, 4616]
 1000[07] (BBb)[1, 0, 6]
 2004[08] (ii)[10000, 4617]
 1000[07] (BBb)[1, 0, 7]
 2004[08] (ii)[10000, 4618]
 1000[07] (BBb)[4, 1, 4]
 1000[07] (BBb)[3, 1, 5]
 1000[07] (BBb)[2, 1, 6]
 1000[07] (BBb)[1, 1, 7]
 2004[08] (ii)[10000, 4612]
 1001[00] (f)[5.0]
 1000[04] (B)[1]

11210430, 0
 0003[00] (bBBi)[-1, 0, 0, 11215396]
 0003[00] (bBBi)[-1, 1, 0, 11215397]
 0000[00] (bBb)[1, 1, -1]
 0003[00] (bBBi)[1, 1, 0, 11215390]
 0003[00] (bBBi)[1, 1, 0, 0]
    ^(4 <- 0, 4)
 0003[00] (bBBi)[2, 0, 0, 11215395]
 0003[20] (biBBiB)[2, 0, 6, 0, 0, 6]
    ^(4 <- 4, 4)
    ^(12 <- 8, 4)
 0000[00] (bBb)[1, 1, 2]
 0003[00] (bBBi)[-3, 1, 0, 11215399]
 0003[00] (bBBi)[-3, 1, 0, 11215397]
 0000[00] (bBb)[1, 1, -3]
 0000[00] (bBb)[0, 1, 1]
 2004[08] (ii)[10000, 4614]
 1001[00] (f)[5.0]
 1000[04] (B)[1]

11210435, 0
 0003[00] (bBBi)[1, 1, 0, 11215390]
 0003[00] (bBBi)[2, 1, 0, 11215390]
 0003[00] (bBBi)[3, 1, 0, 11215390]
 0003[00] (bBBi)[4, 1, 0, 11215390]
 0003[00] (bBBi)[5, 1, 0, 11215390]
 0003[00] (bBBi)[6, 1, 0, 11215390]
 0003[00] (bBBi)[7, 1, 0, 11215390]
 0003[00] (bBBi)[1, 1, 0, 0]
    ^(4 <- 0, 4)
 0003[00] (bBBi)[2, 1, 0, 0]
    ^(4 <- 0, 4)
 0003[00] (bBBi)[3, 1, 0, 0]
    ^(4 <- 0, 4)
 0003[00] (bBBi)[4, 1, 0, 0]
    ^(4 <- 0, 4)
 0003[00] (bBBi)[5, 1, 0, 0]
    ^(4 <- 0, 4)
 0003[00] (bBBi)[6, 1, 0, 0]
    ^(4 <- 0, 4)
 0003[00] (bBBi)[7, 1, 0, 0]
    ^(4 <- 0, 4)
 0003[00] (bBBi)[1, 1, 0, 11215395]
 0003[00] (bBBi)[2, 1, 0, 11215395]
 0003[00] (bBBi)[3, 1, 0, 11215395]
 0003[00] (bBBi)[4, 1, 0, 11215395]
 0003[00] (bBBi)[5, 1, 0, 11215395]
 0003[00] (bBBi)[6, 1, 0, 11215395]
 0003[00] (bBBi)[7, 1, 0, 11215395]
 0003[00] (bBBi)[-1, 1, 0, 11215399]
 0003[00] (bBBi)[-1, 1, 0, 11215397]
 0000[00] (bBb)[1, 1, -1]
 0000[00] (bBb)[2, 1, -1]
 0000[00] (bBb)[3, 1, -1]
 0000[00] (bBb)[4, 1, -1]
 0000[00] (bBb)[5, 1, -1]
 0000[00] (bBb)[6, 1, -1]
 0000[00] (bBb)[7, 1, -1]
 0003[00] (bBBi)[-2, 0, 0, 11215396]
 0003[00] (bBBi)[-2, 1, 0, 11215397]
 0000[00] (bBb)[1, 1, -2]
 0000[00] (bBb)[2, 1, -2]
 0000[00] (bBb)[3, 1, -2]
 0000[00] (bBb)[4, 1, -2]
 0000[00] (bBb)[5, 1, -2]
 0000[00] (bBb)[6, 1, -2]
 0000[00] (bBb)[7, 1, -2]
 0003[20] (biBBiB)[1, 0, 6, 0, 0, 6]
    ^(4 <- 4, 4)
    ^(12 <- 8, 4)
 0003[20] (biBBiB)[1, 0, 6, 0, 0, 6]
    ^(4 <- 4, 4)
    ^(12 <- 12, 4)
 0003[20] (biBBiB)[1, 0, 6, 0, 0, 6]
    ^(4 <- 4, 4)
    ^(12 <- 16, 4)
 0003[20] (biBBiB)[2, 0, 6, 0, 0, 6]
    ^(4 <- 4, 4)
    ^(12 <- 8, 4)
 0003[20] (biBBiB)[2, 0, 6, 3, 0, 6]
    ^(4 <- 4, 4)
    ^(12 <- 12, 4)
 0003[20] (biBBiB)[2, 0, 6, 3, 0, 6]
    ^(4 <- 4, 4)
    ^(12 <- 16, 4)
 0003[20] (biBBiB)[3, 0, 6, 3, 0, 6]
    ^(4 <- 4, 4)
    ^(12 <- 8, 4)
 0003[20] (biBBiB)[3, 0, 6, 0, 0, 6]
    ^(4 <- 4, 4)
    ^(12 <- 12, 4)
 0003[20] (biBBiB)[3, 0, 6, 3, 0, 6]
    ^(4 <- 4, 4)
    ^(12 <- 16, 4)
 0003[20] (biBBiB)[4, 0, 6, 3, 0, 6]
    ^(4 <- 4, 4)
    ^(12 <- 8, 4)
 0003[20] (biBBiB)[4, 0, 6, 3, 0, 6]
    ^(4 <- 4, 4)
    ^(12 <- 12, 4)
 0003[20] (biBBiB)[4, 0, 6, 0, 0, 6]
    ^(4 <- 4, 4)
    ^(12 <- 16, 4)
 0003[20] (biBBiB)[5, 0, 6, 0, 0, 6]
    ^(4 <- 4, 4)
    ^(12 <- 8, 4)
 0003[20] (biBBiB)[5, 0, 6, 0, 0, 6]
    ^(4 <- 4, 4)
    ^(12 <- 12, 4)
 0003[20] (biBBiB)[5, 0, 6, 3, 0, 6]
    ^(4 <- 4, 4)
    ^(12 <- 16, 4)
 0003[20] (biBBiB)[6, 0, 6, 3, 0, 6]
    ^(4 <- 4, 4)
    ^(12 <- 8, 4)
 0003[20] (biBBiB)[6, 0, 6, 0, 0, 6]
    ^(4 <- 4, 4)
    ^(12 <- 12, 4)
 0003[20] (biBBiB)[6, 0, 6, 0, 0, 6]
    ^(4 <- 4, 4)
    ^(12 <- 16, 4)
 0003[20] (biBBiB)[7, 0, 6, 0, 0, 6]
    ^(4 <- 4, 4)
    ^(12 <- 8, 4)
 0003[20] (biBBiB)[7, 0, 6, 3, 0, 6]
    ^(4 <- 4, 4)
    ^(12 <- 12, 4)
 0003[20] (biBBiB)[7, 0, 6, 0, 0, 6]
    ^(4 <- 4, 4)
    ^(12 <- 16, 4)
 0000[00] (bBb)[-7, 1, 1]
 0000[00] (bBb)[-7, 1, 2]
 0000[00] (bBb)[-7, 1, 3]
 0000[00] (bBb)[-7, 1, 4]
 0000[00] (bBb)[-7, 1, 4]
 0000[00] (bBb)[-7, 1, 5]
 0000[00] (bBb)[-7, 1, 6]
 0000[00] (bBb)[-7, 1, 7]
 0000[00] (bBb)[0, 1, -7]
 2004[08] (ii)[10000, 4614]
 1001[00] (f)[5.0]
 1000[04] (B)[1]

11210434, 0
 2003[02] (iB)[11215399, 1]
 1000[04] (B)[0]
 0003[00] (bBBi)[1, 1, 0, 11215390]
 0003[00] (bBBi)[1, 0, 0, 11215392]
 0003[00] (bBBi)[1, 0, 0, 11215395]
 0003[01] (bBBii)[-2, 2, 0, 11215300, 11215305]
 0003[01] (bBBii)[-2, 2, 0, 11215312, 11215317]
 0000[00] (bBb)[1, 1, -2]
 0003[00] (bBBi)[2, 1, 0, 11215390]
 0003[00] (bBBi)[-1, 1, 0, 11215392]
 0003[00] (bBBi)[-1, 1, 0, 11215395]
 0000[00] (bBb)[2, 1, -1]
 0003[01] (bBBii)[-3, 2, 0, 11215300, 11215305]
 0003[01] (bBBii)[-3, 2, 0, 11215306, 11215311]
 0003[01] (bBBii)[-3, 2, 0, 11215312, 11215317]
 0003[01] (bBBii)[-3, 2, 0, 11215318, 11215323]
 0000[00] (bBb)[2, 1, -3]
 0000[00] (bBb)[-7, 1, 1]
 0000[00] (bBb)[-7, 1, 2]
 0000[00] (bBb)[0, 1, -7]
 2003[02] (iB)[11215399, 1]

11210845, 0
 0003[00] (bBBi)[1, 1, 0, 11215350]
 0003[00] (bBBi)[1, 1, 0, 11215390]
 0000[00] (bBb)[0, 1, 1]
 2007[05] ()[]

11210846, 0
 0003[00] (bBBi)[1, 1, 0, 11215351]
 0003[00] (bBBi)[1, 1, 0, 11215390]
 0000[00] (bBb)[0, 1, 1]
 2007[06] ()[]

11210847, 0
 0003[00] (bBBi)[1, 1, 0, 11215352]
 0003[00] (bBBi)[1, 1, 0, 11215390]
 0000[00] (bBb)[0, 1, 1]
 2007[07] ()[]

11210848, 0
 0003[00] (bBBi)[1, 1, 0, 11215353]
 0003[00] (bBBi)[1, 1, 0, 11215390]
 0000[00] (bBb)[0, 1, 1]
 2007[08] ()[]

11210849, 0
 2000[02] (B)[0]
 0004[05] (biiB)[0, 10000, 17, 1]
 2003[02] (iB)[8146, 1]
 1003[05] (Bb)[2, 1]
 2007[09] (i)[150030]
 1000[03] (B)[1]
 2007[09] (i)[150031]
 1001[00] (f)[1.0]
 1003[01] (BBBi)[4, 1, 0, 11215390]
 2003[40] ()[]
 1001[00] (f)[3.0]
 2003[14] (BBi)[12, 1, 1218146]
 1000[04] (B)[1]
 2003[40] ()[]
 1001[00] (f)[3.0]
 1000[04] (B)[1]

11210837, 0
 0003[06] (bb)[1, 0]
 0003[06] (bb)[1, 2]
 0003[00] (bBBi)[1, 1, 0, 8146]
 0003[06] (bb)[2, 1]
 0003[06] (bb)[2, 2]
 0003[00] (bBBi)[2, 1, 0, 8146]
 0000[00] (bBb)[-1, 1, 1]
 0000[00] (bBb)[-1, 1, 2]
 0000[00] (bBb)[0, 1, -1]
 1003[01] (BBBi)[1, 0, 0, 8146]
 0003[00] (bBBi)[0, 0, 0, 8146]
 1000[07] (BBb)[2, 1, 2]
 2007[09] (i)[150040]
 1000[04] (B)[1]
 2007[09] (i)[20000437]
 1000[04] (B)[1]

11210401, 0
 2000[02] (B)[0]
 0003[06] (bb)[1, 2]
 0003[10] (bBiibi)[1, 0, 11215360, 11215363, 4, 2]
 0004[05] (biiB)[1, 10000, 4613, 1]
 0003[00] (bBBi)[1, 0, 0, 11215340]
 0000[00] (bBb)[0, 1, 1]
 1001[00] (f)[15.0]
 1003[02] (BBBi)[1, 1, 0, 11215340]
 1003[06] (Bb)[1, 3]
 2007[04] (iB)[150001, 1]
 1000[04] (B)[1]

11210402, 0
 2000[02] (B)[0]
 0003[02] (bBii)[-1, 1, 10000, 1212700]
 0003[02] (bBii)[-1, 1, 10000, 1212701]
 0003[02] (bBii)[-1, 1, 10000, 1212702]
 0003[02] (bBii)[-1, 1, 10000, 1212713]
 0003[02] (bBii)[-1, 1, 10000, 1212714]
 0003[02] (bBii)[-1, 1, 10000, 1212715]
 0000[00] (bBb)[1, 1, -1]
 0004[05] (biiB)[-2, 10000, 2320, 1]
 0004[05] (biiB)[-2, 10000, 2330, 1]
 0000[00] (bBb)[1, 1, -2]
 0000[00] (bBb)[0, 1, 1]
 2004[21] (ii)[10000, 2320]
 2004[21] (ii)[10000, 2330]
 1000[04] (B)[1]

11210403, 0
 2000[02] (B)[0]
 0003[06] (bb)[1, 3]
 0003[00] (bBBi)[1, 1, 0, 765]
 0003[02] (bBii)[-1, 1, 10000, 1212703]
 0003[02] (bBii)[-1, 1, 10000, 1212704]
 0003[02] (bBii)[-1, 1, 10000, 1212705]
 0003[02] (bBii)[-1, 1, 10000, 1212706]
 0003[02] (bBii)[-1, 1, 10000, 1212707]
 0003[02] (bBii)[-1, 1, 10000, 1212708]
 0003[02] (bBii)[-1, 1, 10000, 1212709]
 0003[02] (bBii)[-1, 1, 10000, 1212710]
 0003[02] (bBii)[-1, 1, 10000, 1212711]
 0003[02] (bBii)[-1, 1, 10000, 1212712]
 0003[02] (bBii)[-1, 1, 10000, 1212716]
 0003[02] (bBii)[-1, 1, 10000, 1212717]
 0003[02] (bBii)[-1, 1, 10000, 1212718]
 0003[02] (bBii)[-1, 1, 10000, 1212719]
 0003[02] (bBii)[-1, 1, 10000, 1212720]
 0003[02] (bBii)[-1, 1, 10000, 1212721]
 0003[02] (bBii)[-1, 1, 10000, 1212722]
 0003[02] (bBii)[-1, 1, 10000, 1212723]
 0003[02] (bBii)[-1, 1, 10000, 1212724]
 0003[02] (bBii)[-1, 1, 10000, 1212725]
 0000[00] (bBb)[1, 1, -1]
 0000[00] (bBb)[0, 1, 1]
 2007[01] (ihhif)[150400, 1, 1, -1, 5.0]
 1001[00] (f)[10.0]
 1000[04] (B)[1]

11210404, 0
 2000[02] (B)[0]
 0003[00] (bBBi)[0, 1, 0, 11215340]
 0003[12] (biBBI)[1, 0, 10, 3, 10]
    ^(4 <- 0, 4)
 0003[12] (biBBI)[2, 0, 10, 4, 10]
    ^(4 <- 0, 4)
 0003[12] (biBBI)[2, 0, 10, 3, 30]
    ^(4 <- 0, 4)
 0003[12] (biBBI)[3, 0, 10, 4, 30]
    ^(4 <- 0, 4)
 0003[12] (biBBI)[3, 0, 10, 3, 50]
    ^(4 <- 0, 4)
 0003[12] (biBBI)[4, 0, 10, 4, 50]
    ^(4 <- 0, 4)
 0003[12] (biBBI)[4, 0, 10, 3, 100]
    ^(4 <- 0, 4)
 0003[12] (biBBI)[5, 0, 10, 4, 100]
    ^(4 <- 0, 4)
 1000[01] (BBb)[1, 0, 2]
 2003[02] (iB)[11215342, 1]
 1000[01] (BBb)[1, 0, 3]
 2003[02] (iB)[11215343, 1]
 1000[01] (BBb)[1, 0, 4]
 2003[02] (iB)[11215344, 1]
 1000[01] (BBb)[1, 0, 5]
 2003[02] (iB)[11215345, 1]

11210407, 0
 2000[02] (B)[0]
 1003[01] (BBBi)[2, 0, 0, 11210709]
 2003[02] (iB)[11210709, 0]
 1000[04] (B)[0]
 1003[06] (Bb)[0, 2]
 0003[02] (bBii)[-1, 1, 10000, 1212700]
 0003[02] (bBii)[-1, 1, 10000, 1212713]
 0003[02] (bBii)[-1, 1, 10000, 1212701]
 0003[02] (bBii)[-1, 1, 10000, 1212714]
 0003[02] (bBii)[-1, 1, 10000, 1212702]
 0003[02] (bBii)[-1, 1, 10000, 1212715]
 1000[02] (BBb)[0, 0, -1]
 1001[00] (f)[2.0]
 2000[00] (iII)[0, 11216300, 0]
 2000[00] (iII)[0, 11216301, 0]
 2000[00] (iII|i)[0, 11216200, 1, 60000001]
 2000[00] (iII|i)[1, 11216200, 2, 60000002]
 2000[00] (iII|i)[2, 11216200, 3, 60000003]
 2000[00] (iII|i)[3, 11216200, 4, 60000004]
 2000[00] (iII|i)[4, 11216200, 5, 60000005]
 2000[00] (iII|i)[5, 11216200, 6, 60000006]
 2000[00] (iII|i)[6, 11216200, 7, 60000007]
 2000[00] (iII|i)[7, 11216200, 8, 60000008]
 2000[00] (iII|i)[8, 11216200, 9, 60000009]
 2000[00] (iII|i)[9, 11216200, 10, 60000010]
 2000[00] (iII|i)[10, 11216200, 11, 60000011]
 2000[00] (iII|i)[11, 11216200, 12, 60000012]
 2000[00] (iII|i)[12, 11216200, 13, 60000013]
 2000[00] (iII|i)[13, 11216200, 14, 60000014]
 2000[00] (iII|i)[14, 11216200, 15, 60000015]
 2000[00] (iII|i)[15, 11216200, 16, 60000016]
 2000[00] (iII|i)[16, 11216200, 17, 60000017]
 2000[00] (iII|i)[17, 11216200, 18, 60000018]
 2000[00] (iII|i)[18, 11216200, 19, 60000019]
 2000[00] (iII|i)[19, 11216200, 20, 60000020]
 2000[00] (iII|i)[20, 11216200, 21, 60000021]
 2000[00] (iII|i)[21, 11216200, 22, 60000022]
 2000[00] (iII|i)[22, 11216200, 23, 60000023]
 2000[00] (iII|i)[23, 11216200, 24, 60000024]
 2000[00] (iII|i)[24, 11216200, 25, 60000025]
 2000[00] (iII|i)[25, 11216200, 26, 60000026]
 2000[00] (iII|i)[26, 11216200, 27, 60000027]
 2000[00] (iII|i)[27, 11216200, 28, 60000028]
 2000[00] (iII|i)[28, 11216200, 29, 60000029]
 2000[00] (iII|i)[29, 11216200, 30, 60000030]
 2000[00] (iII|i)[30, 11216200, 31, 60000031]
 2000[00] (iII|i)[31, 11216200, 32, 60000032]
 2000[00] (iII|i)[32, 11216200, 33, 60000033]
 2000[00] (iII|i)[33, 11216200, 34, 60000034]
 2000[00] (iII|i)[34, 11216200, 35, 60000035]
 2000[00] (iII|i)[35, 11216200, 36, 60000036]
 2000[00] (iII|i)[36, 11216200, 37, 60000037]
 2000[00] (iII|i)[37, 11216200, 38, 60000038]
 2000[00] (iII|i)[38, 11216200, 39, 60000039]
 2000[00] (iII|i)[39, 11216200, 40, 60000040]
 2000[00] (iII|i)[40, 11216200, 41, 60000041]
 2000[00] (iII|i)[41, 11216200, 42, 60000042]
 2000[00] (iII|i)[42, 11216200, 43, 60000043]
 2000[00] (iII|i)[43, 11216200, 44, 60000044]
 2000[00] (iII|i)[44, 11216200, 45, 60000045]
 2000[00] (iII|i)[45, 11216200, 46, 60000046]
 2000[00] (iII|i)[46, 11216200, 47, 60000047]
 2000[00] (iII|i)[47, 11216200, 48, 60000048]
 2000[00] (iII|i)[48, 11216200, 49, 60000049]
 2000[00] (iII|i)[49, 11216200, 50, 60000050]
 2000[00] (iII|i)[50, 11216200, 51, 60000051]
 2000[00] (iII|i)[51, 11216200, 52, 60000052]
 2000[00] (iII|i)[52, 11216200, 53, 60000053]
 2000[00] (iII|i)[53, 11216200, 54, 60000054]
 2000[00] (iII|i)[54, 11216200, 55, 60000055]
 2000[00] (iII|i)[55, 11216200, 56, 60000056]
 2000[00] (iII|i)[56, 11216200, 57, 60000057]
 2000[00] (iII|i)[57, 11216200, 58, 60000058]
 2000[00] (iII|i)[58, 11216200, 59, 60000059]
 2000[00] (iII|i)[59, 11216200, 60, 60000060]
 2000[00] (iII|i)[60, 11216200, 61, 60000061]
 2000[00] (iII|i)[61, 11216200, 62, 60000062]
 2000[00] (iII|i)[62, 11216200, 63, 60000063]
 2000[00] (iII|i)[63, 11216200, 64, 60000064]
 2000[00] (iII|i)[64, 11216200, 65, 60000065]
 2000[00] (iII|i)[65, 11216200, 66, 60000066]
 2000[00] (iII|i)[66, 11216200, 67, 60000067]
 2000[00] (iII|i)[67, 11216200, 68, 60000068]
 2000[00] (iII|i)[68, 11216200, 69, 60000069]
 2000[00] (iII|i)[69, 11216200, 70, 60000070]
 2000[00] (iII|i)[70, 11216200, 71, 60000071]
 2000[00] (iII|i)[71, 11216200, 72, 60000072]
 2000[00] (iII|i)[72, 11216200, 73, 60000073]
 2000[00] (iII|i)[73, 11216200, 74, 60000074]
 2000[00] (iII|i)[74, 11216200, 75, 60000075]
 2000[00] (iII|i)[75, 11216200, 76, 60000076]
 2000[00] (iII|i)[76, 11216200, 77, 60000077]
 2000[00] (iII|i)[77, 11216200, 78, 60000078]
 2000[00] (iII|i)[78, 11216200, 79, 60000079]
 2000[00] (iII|i)[79, 11216200, 80, 60000080]
 2000[00] (iII|i)[80, 11216200, 81, 60000081]
 2000[00] (iII|i)[81, 11216200, 82, 60000082]
 2000[00] (iII|i)[82, 11216200, 83, 60000083]
 2000[00] (iII|i)[83, 11216200, 84, 60000084]
 2000[00] (iII|i)[84, 11216200, 85, 60000085]
 2000[00] (iII|i)[85, 11216200, 86, 60000086]
 2000[00] (iII|i)[86, 11216200, 87, 60000087]
 2000[00] (iII|i)[87, 11216200, 88, 60000088]
 2000[00] (iII|i)[88, 11216200, 89, 60000089]
 2000[00] (iII|i)[89, 11216200, 90, 60000090]
 2000[00] (iII|i)[90, 11216200, 91, 60000091]
 2000[00] (iII|i)[91, 11216200, 92, 60000092]
 2000[00] (iII|i)[92, 11216200, 93, 60000093]
 2000[00] (iII|i)[93, 11216200, 94, 60000094]
 2000[00] (iII|i)[94, 11216200, 95, 60000095]
 2000[00] (iII|i)[95, 11216200, 96, 60000096]
 2000[00] (iII|i)[96, 11216200, 97, 60000097]
 2000[00] (iII|i)[97, 11216200, 98, 60000098]
 2000[00] (iII|i)[98, 11216200, 99, 60000099]
 2000[00] (iII|i)[99, 11216200, 100, 60000100]

11216200, 0
 2000[02] (B)[0]
 0003[12] (biBBI)[-1, 7200, 10, 0, 0]
    ^(12 <- 0, 4)
 0003[12] (biBBI)[-1, 7450, 10, 0, 0]
    ^(12 <- 0, 4)
 0003[12] (biBBI)[-1, 7700, 10, 0, 0]
    ^(12 <- 0, 4)
 1000[02] (BBb)[0, 0, -1]
 2007[03] (iB)[0, 1]
    ^(0 <- 4, 4)

11216300, 0
 2000[02] (B)[0]
 0003[12] (biBBI)[1, 7200, 10, 0, 0]
 0003[12] (biBBI)[1, 7450, 10, 0, 0]
 0003[12] (biBBI)[1, 7700, 10, 0, 0]
 1000[02] (BBb)[0, 0, 1]
 2007[03] (iB)[60000000, 1]

11216301, 0
 2000[02] (B)[0]
 0003[12] (biBBI)[-1, 7200, 10, 2, 100]
 0003[12] (biBBI)[-1, 7450, 10, 2, 100]
 0003[12] (biBBI)[-1, 7700, 10, 2, 100]
 1000[02] (BBb)[0, 0, -1]
 2007[03] (iB)[59999999, 1]

11210439, 0
 1003[06] (Bb)[0, 1]
 0003[02] (bBii)[-1, 1, 10000, 1212700]
 0003[02] (bBii)[-1, 1, 10000, 1212701]
 0003[02] (bBii)[-1, 1, 10000, 1212702]
 0003[02] (bBii)[-1, 1, 10000, 1212713]
 0003[02] (bBii)[-1, 1, 10000, 1212714]
 0003[02] (bBii)[-1, 1, 10000, 1212715]
 1000[02] (BBb)[0, 0, -1]
 2004[02] (ib)[10000, 1]

7999, 0
 2000[02] (B)[0]
 0003[00] (bBBi)[1, 1, 0, 905]
 0003[00] (bBBi)[2, 1, 0, 906]
 0000[00] (bBb)[-1, 1, 1]
 0000[00] (bBb)[-1, 1, 2]
 0000[00] (bBb)[0, 1, -1]
 1003[01] (BBBi)[3, 1, 0, 906]
 2003[02] (iB)[905, 0]
 2004[08] (ii)[10000, 4611]
 1000[04] (B)[1]
 2003[02] (iB)[906, 0]
 2004[08] (ii)[10000, 4612]
 1000[04] (B)[1]

7998, 0
 0003[00] (bBBi)[1, 1, 0, 5100]
 0003[00] (bBBi)[2, 1, 0, 5101]
 0003[00] (bBBi)[3, 1, 0, 5102]
 0000[00] (bBb)[-1, 1, 1]
 0000[00] (bBb)[-1, 1, 2]
 0000[00] (bBb)[-1, 1, 3]
 0000[00] (bBb)[0, 1, -1]
 2003[22] (iiB)[5100, 5102, 0]
 1000[07] (BBb)[1, 0, 1]
 2003[31] (iII)[7200, 10, 1000]
 1000[07] (BBb)[1, 0, 2]
 2003[31] (iII)[7450, 10, 1000]
 1000[07] (BBb)[1, 0, 3]
 2003[31] (iII)[7700, 10, 1000]
 1000[04] (B)[1]

11212000, 1
 0004[05] (biiB)[0, 10000, 4750, 1]
 2004[08] (ii)[0, 4751]
    ^(0 <- 0, 4)
 0004[05] (biiB)[0, 10000, 4750, 0]
 2004[21] (ii)[0, 4751]
    ^(0 <- 0, 4)
 1000[04] (B)[1]

11212010, 1
 0004[00] (biB)[1, 1210401, 0]
 0004[05] (biiB)[1, 0, 4751, 1]
    ^(4 <- 0, 4)
 0000[00] (bBb)[0, 1, 1]
 2004[12] (iB)[0, 1]
    ^(0 <- 0, 4)
 0004[02] (bibf)[2, 0, 5, 0.1]
    ^(4 <- 0, 4)
 0003[02] (bBii)[3, 1, 0, 1212690]
    ^(4 <- 0, 4)
 0000[00] (bBb)[-1, 1, 2]
 0000[00] (bBb)[-1, 1, 3]
 0000[00] (bBb)[0, 1, -1]
 1000[07] (BBb)[1, 0, 3]
 2004[41] (iBii)[0, 1, 1212691, -1]
    ^(0 <- 0, 4)
 2004[08] (ii)[0, 3231]
    ^(0 <- 0, 4)
 2004[05] (iB)[0, 0]
    ^(0 <- 0, 4)
 1001[00] (f)[30.0]
 2004[05] (iB)[0, 1]
    ^(0 <- 0, 4)
 1000[04] (B)[1]

11212020, 1
 0004[05] (biiB)[0, 6999, 4751, 1]
 2004[15] (iB)[6999, 1]
 2004[30] (iB)[6999, 0]
 1001[00] (f)[10.0]
 1000[04] (B)[1]

11212021, 0
 0004[05] (biiB)[1, 6999, 4751, 1]
 0003[02] (bBii)[1, 1, 6999, 1212690]
 0000[00] (bBb)[0, 1, 1]
 2004[41] (iBii)[6999, 1, 1212691, -1]
 2004[05] (iB)[6999, 0]
 1001[00] (f)[10.0]
 2004[05] (iB)[6999, 1]
 1000[04] (B)[1]