0, 0
 2009[03] (iiffi)[11300992, 1301960, 2.0, 180.0, 0]
 2009[03] (iiffi)[11300984, 1301961, 2.0, 180.0, 0]
 2009[00] (iii)[11300010, 11300011, 1301140]
 2009[00] (iii)[11300012, 11300013, 1301141]
 2009[00] (iii)[11300014, 11300015, 1301142]
 1003[01] (BBBi)[1, 0, 0, 6]
 2009[00] (iii)[11300016, 11300017, 1301143]
 2009[00] (iii)[11300018, 11300019, 1301144]
 2009[00] (iii)[11300020, 11300021, 1301145]
 2009[00] (iii)[11300022, 11300023, 1301146]
 2009[00] (iii)[11300024, 11300025, 1301147]
 2009[00] (iii)[11300026, 11300027, 1301148]
 2009[00] (iii)[11300028, 11300029, 1301149]
 1003[05] (Bb)[3, 1]
 2003[02] (iB)[11300000, 0]
 2005[03] (iB)[1301994, 0]
 2006[01] (iB)[1301995, 0]
 2000[00] (iII|III)[0, 11300090, 1301700, 1301701, 1302650, 1302651]
 2000[00] (iII)[0, 11305065, 0]
 2000[00] (iII)[0, 11305066, 0]
 2000[00] (iII)[0, 11305067, 0]
 2000[00] (iII)[0, 11300800, 0]
 2000[00] (iII)[0, 11300300, 0]
 2000[00] (iII)[0, 11300350, 0]
 2000[00] (iII|III)[0, 11300900, 11300900, 1301000, 1301100, 1304000]
 2000[00] (iII|III)[1, 11300900, 11300901, 1301001, 1301101, 1304001]
 2000[00] (iII|III)[0, 11305032, 11300902, 11300903, 11305035, 11305036]
 2000[00] (iII|IIIII)[0, 11305030, 11300402, 11305035, 11305036, 1301002, 1301102, 1304002]
 2000[00] (iII|III)[1, 11305032, 11300904, 11300905, 11305037, 11305038]
 2000[00] (iII|IIIII)[1, 11305030, 11300403, 11305037, 11305038, 1301003, 1301103, 1304003]
 2000[00] (iII)[0, 11305000, 0]
 2000[00] (iII)[0, 11305001, 0]
 2000[00] (iII)[0, 11305002, 0]
 2000[00] (iII)[0, 11305003, 0]
 2000[00] (iII)[0, 11305004, 0]
 2000[00] (iII)[0, 11305009, 0]
 2000[00] (iII)[0, 11300420, 10000]
 2000[00] (iII)[1, 11300420, 10001]
 2000[00] (iII)[2, 11300420, 10002]
 2000[00] (iII)[3, 11300420, 10003]
 2000[00] (iII)[4, 11300420, 10004]
 2000[00] (iII)[5, 11300420, 10005]
 2000[00] (iII)[0, 11300210, 0]
 2000[00] (iII)[0, 11305060, 0]
 2000[00] (iII)[0, 11300200, 0]
 2000[00] (iII)[0, 11305045, 0]
 2000[00] (iII|III)[0, 11300100, 11300100, 1302100, 1301010, 303000000]
 2000[00] (iII|III)[1, 11300100, 11300101, 1302101, 1301011, 303100000]
 2000[00] (iII|III)[2, 11300100, 11300102, 1302102, 1301012, 303200000]
 2000[00] (iII|III)[3, 11300100, 11300103, 1302103, 1301013, 303300000]
 2000[00] (iII|III)[4, 11300100, 11300104, 1302104, 1301014, 303400000]
 2000[00] (iII|III)[5, 11300100, 11300105, 1302105, 1301015, 303500000]
 2000[00] (iII)[0, 11300150, 0]
 2000[00] (iII)[0, 11300160, 0]
 2000[00] (iII|I)[0, 11300700, 1301200, 11300750]
 2000[00] (iII|I)[1, 11300700, 1301201, 11300751]
 2000[00] (iII|I)[2, 11300700, 1301202, 11300752]
 2000[00] (iII|I)[3, 11300700, 1301203, 11300753]
 2000[00] (iII|I)[4, 11300700, 1301204, 11300754]
 2000[00] (iII|I)[5, 11300700, 1301205, 11300755]
 2000[00] (iII|I)[6, 11300700, 1301206, 11300756]
 2000[00] (iII|I)[7, 11300700, 1301207, 11300757]
 2000[00] (iII|I)[8, 11300700, 1301208, 11300758]
 2000[00] (iII|I)[9, 11300700, 1301209, 11300759]
 2000[00] (iII|I)[10, 11300700, 1301210, 11300760]
 2000[00] (iII|I)[12, 11300700, 1301212, 11300762]
 2000[00] (iII|I)[13, 11300700, 1301213, 11300763]
 2000[00] (iII|I)[14, 11300700, 1301214, 11300764]
 2000[00] (iII|I)[15, 11300700, 1301215, 11300765]
 2000[00] (iII|I)[16, 11300700, 1301216, 11300766]
 2000[00] (iII|I)[17, 11300700, 1301217, 11300767]
 2000[00] (iII|I)[18, 11300700, 1301218, 11300768]
 2000[00] (iII|I)[19, 11300700, 1301219, 11300769]
 2000[00] (iII)[0, 11300880, 0]
 2010[03] (iB)[1303800, 0]
 1003[01] (BBBi)[4, 0, 0, 6]
 2005[03] (iB)[1301990, 0]
 2006[01] (iB)[1301991, 0]
 2000[00] (iII)[0, 11305392, 0]
 1000[03] (B)[31]
 2000[00] (iII)[0, 11305391, 0]
 2000[00] (iII)[0, 11305393, 0]
 2000[00] (iII)[0, 11305392, 0]
 2000[00] (iII)[0, 11300001, 0]
 2000[00] (iII)[0, 11305394, 0]
 2000[00] (iII)[0, 11305395, 0]
 2000[00] (iII)[0, 11300882, 0]
 2000[00] (iII)[0, 11305396, 0]
 2000[00] (iII)[0, 11305397, 0]
 2000[00] (iII)[0, 11305398, 0]
 2000[00] (iII)[0, 11305250, 0]
 2000[00] (iII|IIIIII)[0, 11305350, 11305251, 11305252, 1300801, 1300802, 1302600, 1302612, 11305300]
 2000[00] (iII|IIIIII)[1, 11305350, 11305253, 11305254, 1300803, 1300804, 1302601, 1302611, 11305301]
 2000[00] (iII|IIIIII)[2, 11305350, 11305255, 11305256, 1300805, 1300806, 1302602, 1302610, 11305302]
 2000[00] (iII|IIIIII)[3, 11305350, 11305257, 11305258, 1300807, 1300808, 1302603, 1302609, 11305303]
 2000[00] (iII|IIIIII)[4, 11305350, 11305259, 11305260, 1300809, 1300810, 1302604, 1302608, 11305304]
 2000[00] (iII|IIIIII)[5, 11305350, 11305261, 11305262, 1300811, 1300812, 1302605, 1302607, 11305305]
 2000[00] (iII|IIIIII)[6, 11305350, 11305263, 11305264, 1300813, 1300814, 1302606, 1302606, 11305306]
 2000[00] (iII|I)[0, 11305370, 1300801, 11305251]
 2000[00] (iII|I)[1, 11305370, 1300802, 11305252]
 2000[00] (iII|I)[2, 11305370, 1300803, 11305253]
 2000[00] (iII|I)[3, 11305370, 1300804, 11305254]
 2000[00] (iII|I)[4, 11305370, 1300805, 11305255]
 2000[00] (iII|I)[5, 11305370, 1300806, 11305256]
 2000[00] (iII|I)[6, 11305370, 1300807, 11305257]
 2000[00] (iII|I)[7, 11305370, 1300808, 11305258]
 2000[00] (iII|I)[8, 11305370, 1300809, 11305259]
 2000[00] (iII|I)[9, 11305370, 1300810, 11305260]
 2000[00] (iII|I)[10, 11305370, 1300811, 11305261]
 2000[00] (iII|I)[11, 11305370, 1300812, 11305262]
 2000[00] (iII|I)[12, 11305370, 1300813, 11305263]
 2000[00] (iII|I)[13, 11305370, 1300814, 11305264]
 2000[00] (iII|I)[0, 11300850, 1300100, 0]
 2000[00] (iII|I)[1, 11300850, 1300120, 0]
 2000[00] (iII|I)[2, 11300850, 1300140, 0]
 2000[00] (iII|I)[3, 11300850, 1300160, 0]
 2000[00] (iII|I)[4, 11300850, 1300180, 0]
 2000[00] (iII|I)[5, 11300850, 1300200, 0]
 2000[00] (iII|I)[6, 11300850, 1300500, 0]
 2000[00] (iII|I)[7, 11300850, 1300501, 0]
 2000[00] (iII|I)[8, 11300850, 1300300, 0]
 2000[00] (iII)[0, 11302004, 0]
 2000[00] (iII)[0, 11302007, 0]
 2000[00] (iII)[0, 11302000, 0]
 2000[00] (iII|i)[0, 11302010, 301, 4720]
 2000[00] (iII|i)[1, 11302010, 303, 4722]
 2000[00] (iII|i)[2, 11302010, 304, 4723]
 2000[00] (iII|i)[3, 11302010, 305, 4724]
 2000[00] (iII|i)[0, 11302015, 302, 4721]
 2000[00] (iIi)[0, 11302100, 1300300]
 2000[00] (iIi)[1, 11302100, 1300100]
 2000[00] (iIi)[2, 11302100, 1300120]
 2000[00] (iIi)[3, 11302100, 1300140]
 2000[00] (iIi)[4, 11302100, 1300160]
 2000[00] (iIi)[5, 11302100, 1300180]
 2000[00] (iIi)[6, 11302100, 1300200]
 2000[00] (iIi)[7, 11302100, 1300400]
 2000[00] (iIi)[8, 11302100, 1300000]
 2000[00] (iIi)[9, 11302100, 1300001]
 2000[00] (iIi)[10, 11302100, 1300101]
 2000[00] (iIi)[11, 11302100, 1300102]
 2000[00] (iIi)[12, 11302100, 1300103]
 2000[00] (iIi)[13, 11302100, 1300104]
 2000[00] (iIi)[14, 11302100, 1300105]
 2000[00] (iIi)[15, 11302100, 1300106]
 2000[00] (iIi)[16, 11302100, 1300107]
 2000[00] (iIi)[17, 11302100, 1300108]
 2000[00] (iIi)[18, 11302100, 1300109]
 2000[00] (iIi)[19, 11302100, 1300110]
 2000[00] (iIi)[20, 11302100, 1300111]
 2000[00] (iIi)[21, 11302100, 1300112]
 2000[00] (iIi)[22, 11302100, 1300113]
 2000[00] (iIi)[23, 11302100, 1300114]
 2000[00] (iIi)[24, 11302100, 1300161]
 2000[00] (iIi)[25, 11302100, 1300162]
 2000[00] (iIi)[26, 11302100, 1300163]
 2000[00] (iIi)[27, 11302100, 1300164]
 2000[00] (iIi)[28, 11302100, 1300020]
 2000[00] (iIi)[29, 11302100, 1300126]
 2000[00] (iIi)[30, 11302100, 1300121]
 2000[00] (iIi)[31, 11302100, 1300122]
 2000[00] (iIi)[32, 11302100, 1300123]
 2000[00] (iIi)[33, 11302100, 1300124]
 2000[00] (iIi)[34, 11302100, 1300125]
 2000[00] (iIi)[35, 11302100, 1300141]
 2000[00] (iIi)[36, 11302100, 1300142]
 2000[00] (iIi)[37, 11302100, 1300143]
 2000[00] (iIi)[38, 11302100, 1300144]
 2000[00] (iIi)[39, 11302100, 1300145]
 2000[00] (iIi)[40, 11302100, 1300146]
 2000[00] (iIi)[41, 11302100, 1300147]
 2000[00] (iIi)[42, 11302100, 1300900]
 2000[00] (iIi)[43, 11302100, 1300201]
 2000[00] (iIi)[44, 11302100, 1300202]
 2000[00] (iIi)[45, 11302100, 1300203]
 2000[00] (iIi)[46, 11302100, 1300204]
 2000[00] (iIi)[47, 11302100, 1300205]
 2000[00] (iIi)[48, 11302100, 1300901]
 2000[00] (iIi)[49, 11302100, 1300902]
 2000[00] (iIi)[50, 11302100, 1300206]
 2000[00] (iIi)[51, 11302100, 1300207]
 2000[00] (iIi)[52, 11302100, 1300127]
 2000[00] (iIi)[58, 11302100, 1300165]
 2000[00] (iIi)[59, 11302100, 1300166]
 2000[00] (iIi)[60, 11302100, 1300903]
 2000[00] (iIi)[61, 11302100, 1300904]
 2000[00] (iIi)[62, 11302100, 1300905]
 2000[00] (iIi)[63, 11302100, 1300906]
 2000[00] (iIi)[64, 11302100, 1300907]
 2000[00] (iIi)[65, 11302100, 1300050]
 2000[00] (iIi)[66, 11302100, 1300600]
 2000[00] (iIi)[67, 11302100, 1300601]
 2000[00] (iIi)[68, 11302100, 1300602]
 2000[00] (iIi)[69, 11302100, 1300603]
 2000[00] (iIi)[70, 11302100, 1300604]
 2000[00] (iIi)[71, 11302100, 1300605]
 2000[00] (iIi)[72, 11302100, 1300606]
 2000[00] (iIi)[73, 11302100, 1300607]
 2000[00] (iIi)[74, 11302100, 1300608]
 2000[00] (iIi)[75, 11302100, 1300609]

50, 0
 2000[00] (iII)[0, 11305061, 6200]
 2000[00] (iII)[0, 11302006, 0]
 2000[00] (iII)[0, 11302001, 0]
 2000[00] (iII)[0, 11302005, 0]
 2000[00] (iII)[0, 11302002, 0]

11300090, 0
 1003[01] (BBBi)[3, 0, 2, 0]
 2005[03] (iB)[0, 0]
    ^(0 <- 0, 4)
 2006[01] (iB)[0, 0]
    ^(0 <- 4, 4)
 1000[04] (B)[0]
 0003[18] (biifhfiBii)[1, 1, 0, 0.0, 0, 0.0, 10010403, 48, 0, 0]
    ^(8 <- 8, 4)
    ^(36 <- 0, 4)
 0003[18] (biifhfiBii)[2, 1, 0, 0.0, 0, 0.0, 10010407, 48, 0, 0]
    ^(8 <- 12, 4)
    ^(36 <- 0, 4)
 0000[00] (bBb)[-1, 1, 1]
 0000[00] (bBb)[-1, 1, 2]
 0000[00] (bBb)[0, 1, -1]
 1000[07] (BBb)[2, 1, 2]
 2004[41] (iBii)[10000, 1, 0, -1]
    ^(8 <- 8, 4)
 1000[03] (B)[1]
 2004[41] (iBii)[10000, 1, 0, -1]
    ^(8 <- 12, 4)
 2003[18] (iiBBB)[10000, 7410, 0, 0, 0]
 2005[03] (iB)[0, 0]
    ^(0 <- 0, 4)
 2006[01] (iB)[0, 1]
    ^(0 <- 4, 4)

11305065, 1
 1003[02] (BBBi)[0, 1, 1, 0]
 2004[05] (iB)[1300900, 0]
 2004[05] (iB)[1300901, 0]
 2004[05] (iB)[1300902, 0]
 2004[05] (iB)[1300903, 0]
 2004[05] (iB)[1300904, 0]
 2004[05] (iB)[1300905, 0]
 2004[05] (iB)[1300906, 0]
 2004[05] (iB)[1300907, 0]
 2004[05] (iB)[1300908, 0]
 2004[05] (iB)[1300909, 0]
 2004[05] (iB)[1300910, 0]
 0003[00] (bBBi)[0, 1, 0, 11300050]
 1003[02] (BBBi)[0, 1, 0, 735]
 2003[02] (iB)[5000, 1]
 2004[05] (iB)[1300900, 1]
 2004[05] (iB)[1300901, 1]
 2004[05] (iB)[1300902, 1]
 2004[05] (iB)[1300903, 1]
 2004[05] (iB)[1300904, 1]
 2004[05] (iB)[1300905, 1]
 2004[05] (iB)[1300906, 1]
 2004[05] (iB)[1300907, 1]
 2004[05] (iB)[1300908, 1]
 2004[05] (iB)[1300909, 1]
 2004[05] (iB)[1300910, 1]

11305066, 1
 0003[00] (bBBi)[-1, 1, 0, 11305069]
 0003[00] (bBBi)[-1, 1, 0, 735]
 0000[00] (bBb)[0, 1, -1]
 1003[01] (BBBi)[1, 0, 0, 735]
 2003[02] (iB)[735, 0]
 2003[02] (iB)[11300050, 0]
 2003[02] (iB)[11305069, 0]
 2003[02] (iB)[5001, 1]
 2004[04] (iB)[1300900, 0]
 2004[04] (iB)[1300901, 0]
 2004[04] (iB)[1300902, 0]
 2004[04] (iB)[1300903, 0]
 2004[04] (iB)[1300904, 0]
 2004[04] (iB)[1300905, 0]
 2004[04] (iB)[1300906, 0]
 2004[04] (iB)[1300907, 0]
 2004[04] (iB)[1300908, 0]
 2004[04] (iB)[1300909, 0]
 2004[04] (iB)[1300910, 0]

11305067, 1
 1003[06] (Bb)[0, 1]
 0003[11] (bBBB)[1, 1, 2, 50]
 0003[08] (bBBB)[1, 1, 13, 0]
 0000[00] (bBb)[-1, 1, 1]
 0003[00] (bBBi)[-1, 1, 0, 11300050]
 0000[00] (bBb)[0, 1, -1]
 1001[01] (i)[1]
 0003[11] (bBBB)[2, 1, 2, 50]
 0003[08] (bBBB)[2, 1, 13, 0]
 0000[00] (bBb)[-2, 1, 2]
 0003[00] (bBBi)[-2, 1, 0, 11300050]
 1000[02] (BBb)[1, 0, -2]
 1001[01] (i)[1]
 0003[11] (bBBB)[3, 1, 2, 50]
 0003[08] (bBBB)[3, 1, 13, 0]
 0000[00] (bBb)[-3, 1, 3]
 0003[00] (bBBi)[-3, 1, 0, 11300050]
 1000[02] (BBb)[1, 0, -3]
 1001[01] (i)[1]
 0003[11] (bBBB)[4, 1, 2, 50]
 0003[08] (bBBB)[4, 1, 13, 0]
 0000[00] (bBb)[-4, 1, 4]
 0003[00] (bBBi)[-4, 1, 0, 11300050]
 1000[02] (BBb)[1, 0, -4]
 1001[01] (i)[1]
 0003[11] (bBBB)[5, 1, 2, 50]
 0003[08] (bBBB)[5, 1, 13, 0]
 0000[00] (bBb)[-5, 1, 5]
 0003[00] (bBBi)[-5, 1, 0, 11300050]
 1000[02] (BBb)[1, 0, -5]
 1001[01] (i)[1]
 0003[11] (bBBB)[6, 1, 2, 50]
 0003[08] (bBBB)[6, 1, 13, 0]
 0000[00] (bBb)[-6, 1, 6]
 0003[00] (bBBi)[-6, 1, 0, 11300050]
 1000[02] (BBb)[1, 0, -6]
 2003[02] (iB)[11300050, 1]
 1001[00] (f)[600.0]
 0003[11] (bBBB)[7, 1, 5, 50]
 0003[08] (bBBB)[7, 1, 13, 0]
 1000[02] (BBb)[1, 0, 7]
 2003[02] (iB)[11300050, 0]
 2003[02] (iB)[11305069, 1]

11305390, 0
 0003[00] (bBBi)[1, 0, 0, 6]
 0004[00] (biB)[1, 1300800, 0]
 0003[19] (biifhfiBii)[1, 1, 1302998, 0.0, -1, 0.0, 10010403, 48, 0, 1301990]
 0000[00] (bBb)[0, 1, 1]
 2004[14] (ii)[10000, 1302997]
 2003[18] (iiBBB)[10000, 7410, 0, 0, 0]
 1000[04] (B)[1]

11305391, 0
 0003[00] (bBBi)[1, 0, 0, 6]
 0003[00] (bBBi)[1, 1, 0, 11305393]
 0004[03] (bib)[1, 10000, 1]
 0003[18] (biifhfiBii)[1, 1, 1302998, 0.0, -1, 0.0, 10010403, 255, 0, 1301990]
 0000[00] (bBb)[0, 1, 1]
 2004[14] (ii)[10000, 1302997]
 2003[18] (iiBBB)[10000, 7410, 0, 0, 0]
 1000[04] (B)[1]

11305393, 0
 1003[01] (BBBi)[3, 1, 1, 0]
 0003[00] (bBBi)[1, 0, 0, 6]
 0003[00] (bBBi)[1, 1, 0, 11305390]
 0003[02] (bBii)[1, 1, 10000, 1302996]
 0000[00] (bBb)[0, 1, 1]
 1003[05] (Bb)[1, 1]
 2009[06] (B)[0]
 2009[04] (i)[1300800]

11305392, 1
 1003[01] (BBBi)[3, 0, 0, 6]
 2004[05] (iB)[1300800, 0]
 2004[04] (iB)[1300800, 0]
 1000[04] (B)[0]
 1003[01] (BBBi)[1, 1, 0, 11300000]
 2004[05] (iB)[1300800, 0]
 2004[01] (iB)[1300800, 0]
 0003[00] (bBBi)[1, 0, 0, 6]
 0003[06] (bb)[1, 0]
 0003[02] (bBii)[1, 1, 10000, 1302999]
 0000[00] (bBb)[0, 1, 1]
 1003[01] (BBBi)[8, 1, 0, 11300000]
 1003[05] (Bb)[2, 2]
 2002[03] (iIi)[130000, 0, 10000]
 1000[03] (B)[1]
 2002[03] (iIi)[130000, 2, 10000]
 1001[01] (i)[1]
 2004[05] (iB)[1300800, 1]
 2003[02] (iB)[11300000, 1]
 2003[02] (iB)[11300005, 1]
 1003[05] (Bb)[1, 1]
 2004[28] (ii)[1300800, 4095]
 2004[01] (iB)[1300800, 1]
 2003[11] (bihh)[1, 1300800, 0, 3320]

11300001, 0
 0004[02] (bibf)[0, 1300800, 5, 0.0]
 1001[00] (f)[1.0]
 2010[02] (iii)[1300800, 5, 777777777]
 0004[00] (biB)[0, 1300800, 1]
 2003[02] (iB)[6, 1]
 2003[12] (i)[1300800]
 2005[03] (iB)[1301990, 0]
 2006[01] (iB)[1301991, 1]
 2009[00] (iii)[11300016, 11300017, 1301143]
 2000[00] (iII)[0, 11300880, 0]

11305394, 0
 2000[02] (B)[0]
 0003[00] (bBBi)[1, 0, 0, 6]
 0003[00] (bBBi)[1, 1, 0, 11305392]
 1003[05] (Bb)[1, 0]
 0003[00] (bBBi)[1, 1, 0, 11305391]
 0000[00] (bBb)[0, 1, 1]
 2010[03] (iB)[1303800, 1]

11305395, 0
 2000[02] (B)[0]
 0003[00] (bBBi)[1, 1, 0, 6]
 0003[00] (bBBi)[1, 1, 0, 11305394]
 0000[00] (bBb)[0, 1, 1]
 2010[03] (iB)[1303800, 0]

11305396, 0
 0004[08] (biiB)[0, 1300800, 600, 1]
 2004[05] (iB)[1300800, 0]
 2003[22] (iiB)[11305320, 11305326, 0]
 1003[05] (Bb)[2, 1]
 2004[28] (ii)[1300800, 4095]
 2003[17] (IIB)[11305320, 11305326, 1]
 2003[02] (iB)[11305329, 1]
 0003[00] (bBBi)[-1, 0, 0, 11305329]
 0001[00] (bf)[-1, 5.0]
 0000[00] (bBb)[0, 1, -1]
 1001[00] (f)[3.0]
 2004[05] (iB)[1300800, 1]
 1003[01] (BBBi)[1, 0, 0, 11305320]
 2004[41] (iBii)[1300800, 1, 1302600, -1]
 1003[01] (BBBi)[1, 0, 0, 11305321]
 2004[41] (iBii)[1300800, 1, 1302602, -1]
 1003[01] (BBBi)[1, 0, 0, 11305322]
 2004[41] (iBii)[1300800, 1, 1302604, -1]
 1003[01] (BBBi)[1, 0, 0, 11305323]
 2004[41] (iBii)[1300800, 1, 1302605, -1]
 1003[01] (BBBi)[1, 0, 0, 11305324]
 2004[41] (iBii)[1300800, 1, 1302606, -1]
 1003[01] (BBBi)[1, 0, 0, 11305325]
 2004[41] (iBii)[1300800, 1, 1302608, -1]
 1003[01] (BBBi)[1, 0, 0, 11305326]
 2004[41] (iBii)[1300800, 1, 1302612, -1]
 1001[01] (i)[1]
 2004[05] (iB)[1300800, 1]
 2003[18] (iiBBB)[1300800, 7000, 0, 1, 0]
 1000[04] (B)[1]

11300882, 0
 0003[00] (bBBi)[1, 1, 0, 11305329]
 0003[00] (bBBi)[2, 1, 0, 11305329]
 0003[00] (bBBi)[3, 1, 0, 11305329]
 0003[00] (bBBi)[4, 1, 0, 11305329]
 0003[00] (bBBi)[5, 1, 0, 11305329]
 0003[00] (bBBi)[6, 1, 0, 11305329]
 0003[00] (bBBi)[7, 1, 0, 11305329]
 0003[00] (bBBi)[1, 1, 0, 11305320]
 0003[00] (bBBi)[2, 1, 0, 11305321]
 0003[00] (bBBi)[3, 1, 0, 11305322]
 0003[00] (bBBi)[4, 1, 0, 11305323]
 0003[00] (bBBi)[5, 1, 0, 11305324]
 0003[00] (bBBi)[6, 1, 0, 11305325]
 0003[00] (bBBi)[7, 1, 0, 11305326]
 0000[00] (bBb)[-1, 1, 1]
 0000[00] (bBb)[-1, 1, 2]
 0000[00] (bBb)[-1, 1, 3]
 0000[00] (bBb)[-1, 1, 4]
 0000[00] (bBb)[-1, 1, 5]
 0000[00] (bBb)[-1, 1, 6]
 0000[00] (bBb)[-1, 1, 7]
 0000[00] (bBb)[0, 1, -1]
 1000[07] (BBb)[1, 0, 1]
 2003[02] (iB)[11305320, 1]
 1000[07] (BBb)[1, 0, 2]
 2003[02] (iB)[11305321, 1]
 1000[07] (BBb)[1, 0, 3]
 2003[02] (iB)[11305322, 1]
 1000[07] (BBb)[1, 0, 4]
 2003[02] (iB)[11305323, 1]
 1000[07] (BBb)[1, 0, 5]
 2003[02] (iB)[11305324, 1]
 1000[07] (BBb)[1, 0, 6]
 2003[02] (iB)[11305325, 1]
 1000[07] (BBb)[1, 0, 7]
 2003[02] (iB)[11305326, 1]
 2003[02] (iB)[11305329, 0]
 1000[04] (B)[1]

11305397, 0
 1003[06] (Bb)[0, 1]
 1003[01] (BBBi)[4, 1, 0, 11305310]
 0003[00] (bBBi)[1, 0, 0, 11305399]
 0004[08] (biiB)[1, 1300800, 700, 1]
 0000[00] (bBb)[0, 1, 1]
 2003[02] (iB)[11305310, 1]
 2003[22] (iiB)[11305300, 11305306, 0]
 2003[17] (IIB)[11305300, 11305306, 1]
 1003[01] (BBBi)[2, 0, 0, 11305300]
 1003[03] (BBBii)[1, 2, 0, 11305251, 11305252]
 2003[02] (iB)[11305310, 0]
 1003[01] (BBBi)[2, 0, 0, 11305301]
 1003[03] (BBBii)[1, 2, 0, 11305253, 11305254]
 2003[02] (iB)[11305310, 0]
 1003[01] (BBBi)[2, 0, 0, 11305302]
 1003[03] (BBBii)[1, 2, 0, 11305255, 11305256]
 2003[02] (iB)[11305310, 0]
 1003[01] (BBBi)[2, 0, 0, 11305303]
 1003[03] (BBBii)[1, 2, 0, 11305257, 11305258]
 2003[02] (iB)[11305310, 0]
 1003[01] (BBBi)[2, 0, 0, 11305304]
 1003[03] (BBBii)[1, 2, 0, 11305259, 11305260]
 2003[02] (iB)[11305310, 0]
 1003[01] (BBBi)[2, 0, 0, 11305305]
 1003[03] (BBBii)[1, 2, 0, 11305261, 11305262]
 2003[02] (iB)[11305310, 0]
 1003[01] (BBBi)[2, 0, 0, 11305306]
 1003[03] (BBBii)[1, 2, 0, 11305263, 11305264]
 2003[02] (iB)[11305310, 0]
 1003[02] (BBBi)[1, 1, 0, 11305310]
 0004[08] (biiB)[0, 1300800, 700, 0]
 1000[04] (B)[1]

11305398, 0
 0004[02] (bibf)[0, 1300800, 5, 0.30000001192092896]
 2003[02] (iB)[11305399, 1]
 2004[17] (iiB)[1300800, 1, 1]
 2004[20] (i)[1300800]
 2000[00] (iII|I)[0, 11305330, 1300801, 11305251]
 2000[00] (iII|I)[1, 11305330, 1300802, 11305252]
 2000[00] (iII|I)[2, 11305330, 1300803, 11305253]
 2000[00] (iII|I)[3, 11305330, 1300804, 11305254]
 2000[00] (iII|I)[4, 11305330, 1300805, 11305255]
 2000[00] (iII|I)[5, 11305330, 1300806, 11305256]
 2000[00] (iII|I)[6, 11305330, 1300807, 11305257]
 2000[00] (iII|I)[7, 11305330, 1300808, 11305258]
 2000[00] (iII|I)[8, 11305330, 1300809, 11305259]
 2000[00] (iII|I)[9, 11305330, 1300810, 11305260]
 2000[00] (iII|I)[10, 11305330, 1300811, 11305261]
 2000[00] (iII|I)[11, 11305330, 1300812, 11305262]
 2000[00] (iII|I)[12, 11305330, 1300813, 11305263]
 2000[00] (iII|I)[13, 11305330, 1300814, 11305264]
 0003[01] (bBBii)[0, 1, 0, 11305251, 11305264]
 2004[17] (iiB)[1300800, 2, 1]
 2004[20] (i)[1300800]
 0003[00] (bBBi)[1, 1, 0, 11305399]
 0004[08] (biiB)[1, 1300800, 700, 1]
 0000[00] (bBb)[0, 1, 1]
 2004[17] (iiB)[1300800, 1, 1]
 2004[20] (i)[1300800]
 2000[00] (iII|IIIIII)[10, 11305350, 11305251, 11305252, 1300801, 1300802, 1302602, 1302603, 11305300]
 2000[00] (iII|IIIIII)[11, 11305350, 11305253, 11305254, 1300803, 1300804, 1302604, 1302605, 11305301]
 2000[00] (iII|IIIIII)[12, 11305350, 11305255, 11305256, 1300805, 1300806, 1302607, 1302608, 11305302]
 2000[00] (iII|IIIIII)[13, 11305350, 11305257, 11305258, 1300807, 1300808, 1302609, 1302612, 11305303]

11305330, 0
 2004[17] (iiB)[0, 1, 1]
    ^(0 <- 0, 4)
 2004[20] (i)[0]
    ^(0 <- 0, 4)
 0003[00] (bBBi)[0, 0, 0, 0]
    ^(4 <- 4, 4)
 2004[17] (iiB)[0, -1, 1]
    ^(0 <- 0, 4)
 2004[20] (i)[0]
    ^(0 <- 0, 4)

11305350, 0
 1003[01] (BBBi)[5, 1, 0, 11305399]
 0003[06] (bb)[1, 0]
 0003[00] (bBBi)[1, 0, 0, 11305310]
 0003[00] (bBBi)[1, 1, 0, 0]
    ^(4 <- 24, 4)
 0000[00] (bBb)[0, 1, 1]
 1000[09] (f)[3.0]
 2003[02] (iB)[0, 0]
    ^(0 <- 24, 4)
 2004[08] (ii)[0, 5450]
    ^(0 <- 8, 4)
 2004[08] (ii)[0, 5450]
    ^(0 <- 12, 4)
 2004[41] (iBii)[0, 1, 0, -1]
    ^(0 <- 8, 4)
    ^(8 <- 16, 4)
 2004[41] (iBii)[0, 1, 0, -1]
    ^(0 <- 12, 4)
    ^(8 <- 20, 4)
 2004[05] (iB)[0, 1]
    ^(0 <- 8, 4)
 2004[05] (iB)[0, 1]
    ^(0 <- 12, 4)
 2004[20] (i)[0]
    ^(0 <- 8, 4)
 2004[20] (i)[0]
    ^(0 <- 12, 4)
 2003[18] (iiBBB)[0, 7000, 0, 0, 0]
    ^(0 <- 8, 4)
 2003[18] (iiBBB)[0, 7000, 0, 0, 0]
    ^(0 <- 12, 4)
 2003[02] (iB)[0, 1]
    ^(0 <- 0, 4)
 2003[02] (iB)[0, 1]
    ^(0 <- 4, 4)
 1003[02] (BBBi)[0, 1, 0, 11305399]
 2003[08] (iiB)[11305250, 0, 1]
 1000[04] (B)[1]

11305370, 0
 0003[00] (bBBi)[1, 1, 0, 0]
    ^(4 <- 4, 4)
 0004[08] (biiB)[1, 0, 710, 1]
    ^(4 <- 0, 4)
 0004[02] (bibf)[2, 1300800, 5, 0.0]
 0000[00] (bBb)[-1, 1, 1]
 0000[00] (bBb)[-1, 1, 2]
 0000[00] (bBb)[0, 1, -1]
 1000[09] (f)[3.0]
 1000[07] (BBb)[3, 1, 1]
 2004[17] (iiB)[0, 1, 1]
    ^(0 <- 0, 4)
 2004[20] (i)[0]
    ^(0 <- 0, 4)
 0004[08] (biiB)[0, 0, 710, 1]
    ^(4 <- 0, 4)
 2004[34] (iBb)[0, 1, 0]
    ^(0 <- 0, 4)
 2004[43] (iB)[0, 1]
    ^(0 <- 0, 4)
 2004[05] (iB)[0, 0]
    ^(0 <- 0, 4)
 2003[02] (iB)[0, 0]
    ^(0 <- 4, 4)
 1000[08] (BBb)[0, 1, 2]
 2003[08] (iiB)[11305250, 0, 1]
 1003[02] (BBBi)[1, 0, 0, 0]
    ^(4 <- 4, 4)

11305250, 0
 0003[00] (bBBi)[0, 1, 0, 11305392]
 2004[32] (iiBii)[1300800, 0, 0, 11305251, 11305264]
 2004[32] (iiBii)[1300801, 0, 0, 11305251, 11305264]
 2004[32] (iiBii)[1300802, 0, 0, 11305251, 11305264]
 2004[32] (iiBii)[1300803, 0, 0, 11305251, 11305264]
 2004[32] (iiBii)[1300804, 0, 0, 11305251, 11305264]
 2004[32] (iiBii)[1300805, 0, 0, 11305251, 11305264]
 2004[32] (iiBii)[1300806, 0, 0, 11305251, 11305264]
 2004[32] (iiBii)[1300807, 0, 0, 11305251, 11305264]
 2004[32] (iiBii)[1300808, 0, 0, 11305251, 11305264]
 2004[32] (iiBii)[1300809, 0, 0, 11305251, 11305264]
 2004[32] (iiBii)[1300810, 0, 0, 11305251, 11305264]
 2004[32] (iiBii)[1300811, 0, 0, 11305251, 11305264]
 2004[32] (iiBii)[1300812, 0, 0, 11305251, 11305264]
 2004[32] (iiBii)[1300813, 0, 0, 11305251, 11305264]
 2004[32] (iiBii)[1300814, 0, 0, 11305251, 11305264]
 2004[20] (i)[1300800]
 2004[20] (i)[1300801]
 2004[20] (i)[1300802]
 2004[20] (i)[1300803]
 2004[20] (i)[1300804]
 2004[20] (i)[1300805]
 2004[20] (i)[1300806]
 2004[20] (i)[1300807]
 2004[20] (i)[1300808]
 2004[20] (i)[1300809]
 2004[20] (i)[1300810]
 2004[20] (i)[1300811]
 2004[20] (i)[1300812]
 2004[20] (i)[1300813]
 2004[20] (i)[1300814]
 0004[00] (biB)[0, 1300800, 1]
 1000[04] (B)[0]

11300880, 1
 2004[30] (iB)[1300801, 0]
 2004[30] (iB)[1300802, 0]
 2004[30] (iB)[1300803, 0]
 2004[30] (iB)[1300804, 0]
 2004[30] (iB)[1300805, 0]
 2004[30] (iB)[1300806, 0]
 2004[30] (iB)[1300807, 0]
 2004[30] (iB)[1300808, 0]
 2004[30] (iB)[1300809, 0]
 2004[30] (iB)[1300810, 0]
 2004[30] (iB)[1300811, 0]
 2004[30] (iB)[1300812, 0]
 2004[30] (iB)[1300813, 0]
 2004[30] (iB)[1300814, 0]
 2004[05] (iB)[1300801, 0]
 2004[05] (iB)[1300802, 0]
 2004[05] (iB)[1300803, 0]
 2004[05] (iB)[1300804, 0]
 2004[05] (iB)[1300805, 0]
 2004[05] (iB)[1300806, 0]
 2004[05] (iB)[1300807, 0]
 2004[05] (iB)[1300808, 0]
 2004[05] (iB)[1300809, 0]
 2004[05] (iB)[1300810, 0]
 2004[05] (iB)[1300811, 0]
 2004[05] (iB)[1300812, 0]
 2004[05] (iB)[1300813, 0]
 2004[05] (iB)[1300814, 0]
 1003[01] (BBBi)[14, 1, 0, 6]
 2004[12] (iB)[1300801, 1]
 2004[12] (iB)[1300802, 1]
 2004[12] (iB)[1300803, 1]
 2004[12] (iB)[1300804, 1]
 2004[12] (iB)[1300805, 1]
 2004[12] (iB)[1300806, 1]
 2004[12] (iB)[1300807, 1]
 2004[12] (iB)[1300808, 1]
 2004[12] (iB)[1300809, 1]
 2004[12] (iB)[1300810, 1]
 2004[12] (iB)[1300811, 1]
 2004[12] (iB)[1300812, 1]
 2004[12] (iB)[1300813, 1]
 2004[12] (iB)[1300814, 1]
 1003[02] (BBBi)[0, 0, 0, 6]
 2004[04] (iB)[1300801, 0]
 2004[04] (iB)[1300802, 0]
 2004[04] (iB)[1300803, 0]
 2004[04] (iB)[1300804, 0]
 2004[04] (iB)[1300805, 0]
 2004[04] (iB)[1300806, 0]
 2004[04] (iB)[1300807, 0]
 2004[04] (iB)[1300808, 0]
 2004[04] (iB)[1300809, 0]
 2004[04] (iB)[1300810, 0]
 2004[04] (iB)[1300811, 0]
 2004[04] (iB)[1300812, 0]
 2004[04] (iB)[1300813, 0]
 2004[04] (iB)[1300814, 0]

11300700, 0
 0003[03] (bBiif)[0, 1, 0, 10000, 1.5]
    ^(4 <- 0, 4)
 2005[09] (iiiiifff)[0, 0, 100, 5120, 1, 0.10000000149011612, 1.0, 0.0]
    ^(0 <- 4, 4)
    ^(4 <- 0, 4)
 2005[09] (iiiiifff)[0, 0, 101, 5120, 1, 0.10000000149011612, 1.0, 0.0]
    ^(0 <- 4, 4)
    ^(4 <- 0, 4)
 2005[09] (iiiiifff)[0, 0, 102, 5120, 1, 0.10000000149011612, 1.0, 0.0]
    ^(0 <- 4, 4)
    ^(4 <- 0, 4)
 2003[18] (iiBBB)[0, 0, 0, 1, 0]
    ^(0 <- 0, 4)
 1000[04] (B)[1]

11300300, 0
 0003[00] (bBBi)[0, 0, 0, 11300402]
 2005[09] (iiiiifff)[11300301, 1301102, 2, 5100, 1, 0.5, 10.0, 5.0]
 2005[09] (iiiiifff)[11300302, 1301102, 4, 5100, 1, 1.0, 10.0, 5.0]
 2005[09] (iiiiifff)[11300303, 1301102, 6, 5100, 1, 1.0, 10.0, 5.0]
 2005[09] (iiiiifff)[11300304, 1301102, 8, 5100, 1, 1.0, 10.0, 5.0]
 2005[09] (iiiiifff)[11300305, 1301102, 10, 5100, 1, 1.0, 10.0, 5.0]
 2005[09] (iiiiifff)[11300306, 1301102, 12, 5100, 1, 1.0, 10.0, 5.0]
 2005[09] (iiiiifff)[11300307, 1301102, 14, 5100, 1, 1.0, 10.0, 5.0]
 2005[09] (iiiiifff)[11300308, 1301102, 15, 5100, 1, 0.5, 10.0, 5.0]
 0003[00] (bBBi)[0, 1, 0, 11300402]
 2005[12] (i)[11300301]
 2005[12] (i)[11300302]
 2005[12] (i)[11300303]
 2005[12] (i)[11300304]
 2005[12] (i)[11300305]
 2005[12] (i)[11300306]
 2005[12] (i)[11300307]
 2005[12] (i)[11300308]
 1000[04] (B)[1]

11300350, 0
 0003[00] (bBBi)[0, 0, 0, 11300403]
 2005[09] (iiiiifff)[11300351, 1301103, 2, 5100, 1, 0.5, 10.0, 5.0]
 2005[09] (iiiiifff)[11300352, 1301103, 4, 5100, 1, 1.0, 10.0, 5.0]
 2005[09] (iiiiifff)[11300353, 1301103, 6, 5100, 1, 1.0, 10.0, 5.0]
 2005[09] (iiiiifff)[11300354, 1301103, 8, 5100, 1, 1.0, 10.0, 5.0]
 2005[09] (iiiiifff)[11300355, 1301103, 10, 5100, 1, 1.0, 10.0, 5.0]
 2005[09] (iiiiifff)[11300356, 1301103, 12, 5100, 1, 1.0, 10.0, 5.0]
 2005[09] (iiiiifff)[11300357, 1301103, 14, 5100, 1, 1.0, 10.0, 5.0]
 2005[09] (iiiiifff)[11300358, 1301103, 33, 5100, 1, 1.0, 10.0, 5.0]
 2005[09] (iiiiifff)[11300359, 1301103, 35, 5100, 1, 1.0, 10.0, 5.0]
 2005[09] (iiiiifff)[11300360, 1301103, 37, 5100, 1, 1.0, 10.0, 5.0]
 2005[09] (iiiiifff)[11300361, 1301103, 39, 5100, 1, 0.5, 10.0, 5.0]
 0003[00] (bBBi)[0, 1, 0, 11300403]
 2005[12] (i)[11300351]
 2005[12] (i)[11300352]
 2005[12] (i)[11300353]
 2005[12] (i)[11300354]
 2005[12] (i)[11300355]
 2005[12] (i)[11300356]
 2005[12] (i)[11300357]
 2005[12] (i)[11300358]
 2005[12] (i)[11300359]
 2005[12] (i)[11300360]
 2005[12] (i)[11300361]
 1000[04] (B)[1]

11300900, 0
 1003[01] (BBBi)[4, 0, 2, 0]
 2005[07] (ii)[0, 2]
    ^(0 <- 8, 4)
 2005[07] (ii)[0, 2]
    ^(0 <- 4, 4)
 2005[06] (iiB)[0, -1, 0]
    ^(0 <- 4, 4)
 1000[04] (B)[0]
 2003[13] (iIB)[0, 1, 0]
    ^(0 <- 12, 4)
 0005[02] (bi)[0, 0]
    ^(4 <- 0, 4)
 2003[18] (iiBBB)[0, 1, 0, 0, 0]
    ^(0 <- 8, 4)
 2003[13] (iIB)[0, 1, 1]
    ^(0 <- 12, 4)

11305030, 0
 1003[01] (BBBi)[4, 0, 0, 0]
    ^(4 <- 0, 4)
 2005[06] (iiB)[0, 3011, 0]
    ^(0 <- 12, 4)
 2005[07] (ii)[0, 0]
    ^(0 <- 16, 4)
 2005[07] (ii)[0, 2]
    ^(0 <- 12, 4)
 1000[03] (B)[2]
 2005[06] (iiB)[0, 3012, 0]
    ^(0 <- 12, 4)
 2003[13] (iIB)[0, 1, 0]
    ^(0 <- 20, 4)
 0003[00] (bBBi)[1, 1, 0, 0]
    ^(4 <- 4, 4)
 0003[00] (bBBi)[2, 1, 0, 0]
    ^(4 <- 8, 4)
 0000[00] (bBb)[-1, 1, 1]
 0000[00] (bBb)[-1, 1, 2]
 0000[00] (bBb)[0, 1, -1]
 2003[02] (iB)[0, 0]
    ^(0 <- 4, 4)
 2003[02] (iB)[0, 0]
    ^(0 <- 8, 4)
 1000[07] (BBb)[6, 1, 2]
 2003[02] (iB)[0, 1]
    ^(0 <- 0, 4)
 2003[18] (iiBBB)[0, 3, 0, 0, 0]
    ^(0 <- 16, 4)
 1001[01] (i)[140]
 2005[06] (iiB)[0, 3012, 1]
    ^(0 <- 12, 4)
 2003[13] (iIB)[0, 1, 1]
    ^(0 <- 20, 4)
 1000[04] (B)[1]
 2003[02] (iB)[0, 0]
    ^(0 <- 0, 4)
 2003[18] (iiBBB)[0, 1, 0, 0, 0]
    ^(0 <- 16, 4)
 1001[01] (i)[140]
 2005[06] (iiB)[0, 3011, 1]
    ^(0 <- 12, 4)
 2003[13] (iIB)[0, 1, 0]
    ^(0 <- 20, 4)
 1000[04] (B)[1]

11305032, 0
 0005[02] (bi)[1, 0]
    ^(4 <- 0, 4)
 0005[02] (bi)[2, 0]
    ^(4 <- 4, 4)
 0000[00] (bBb)[-1, 1, 1]
 0000[00] (bBb)[-1, 1, 2]
 0000[00] (bBb)[0, 1, -1]
 1000[07] (BBb)[2, 1, 2]
 2003[02] (iB)[0, 1]
    ^(0 <- 8, 4)
 1000[04] (B)[1]
 2003[02] (iB)[0, 1]
    ^(0 <- 12, 4)
 1000[04] (B)[1]

11305000, 0
 2000[02] (B)[0]
 0003[06] (bb)[1, 3]
 0003[08] (bBBB)[1, 1, 13, 0]
 0003[02] (bBii)[1, 1, 10000, 1302700]
 0003[00] (bBBi)[1, 0, 0, 11310000]
 0003[04] (bBiB)[1, 3, 109, 1]
 0000[00] (bBb)[0, 1, 1]
 1001[00] (f)[30.0]
 1003[06] (Bb)[1, 2]
 0003[02] (bBii)[6, 1, 10000, 1302700]
 1000[02] (BBb)[1, 0, 6]
 0004[02] (bibf)[7, 10000, 5, 0.0]
 1000[02] (BBb)[1, 1, 7]
 2003[02] (iB)[11310050, 1]
 2002[04] (iIiBBi)[130020, 0, 1312110, 13, 1, 10000]
 2002[03] (iIi)[130120, 0, 10000]
 1001[01] (i)[1]
 2005[06] (iiB)[1311300, -1, 1]
 2004[09] (iiiiii)[10000, -1, -1, -1, -1, -1]
 1000[04] (B)[1]

11305001, 1
 2005[06] (iiB)[1301104, 3060, 0]
 1000[04] (B)[0]
 0003[02] (bBii)[1, 1, 10000, 1302700]
 0001[00] (bf)[1, 2.0]
 0000[00] (bBb)[0, 1, 1]
 2003[02] (iB)[11305006, 1]
 2005[06] (iiB)[1301104, 3060, 0]
 2005[06] (iiB)[1301104, 3061, 1]
 2003[08] (iiB)[11305002, 0, 1]
 2003[08] (iiB)[11305009, 0, 1]
 1000[04] (B)[1]

11305002, 1
 2000[02] (B)[0]
 0003[00] (bBBi)[0, 1, 0, 11305006]
 2003[02] (iB)[11305006, 0]
 1001[00] (f)[5.0]
 2003[02] (iB)[11305008, 1]
 1000[04] (B)[1]

11305003, 0
 0003[00] (bBBi)[0, 1, 0, 11305008]
 2005[06] (iiB)[1301104, 3060, 1]
 2005[06] (iiB)[1301104, 3061, 0]
 2003[02] (iB)[11305006, 0]
 2003[02] (iB)[11305008, 0]
 2003[08] (iiB)[11305000, 0, 1]
 2003[08] (iiB)[11305001, 0, 1]
 2003[08] (iiB)[11305002, 0, 1]
 1000[04] (B)[1]

11305004, 1
 0004[04] (biiB)[1, 1300300, 10000, 1]
 0004[05] (biiB)[1, 10000, 4130, 1]
 0000[00] (bBb)[0, 1, 1]
 2004[16] (i)[1300300]
 2004[20] (i)[1300300]
 1000[04] (B)[1]

11305009, 0
 0003[07] (bBi)[1, 0, 1302700]
 0003[03] (bBiif)[1, 1, 1301104, 10000, 10.0]
 0001[00] (bf)[1, 2.0]
 0000[00] (bBb)[0, 1, 1]
 2005[06] (iiB)[1301104, 3060, 1]
 2005[06] (iiB)[1301104, 3061, 0]
 1000[04] (B)[1]

11300420, 0
 2000[02] (B)[0]
 1001[01] (i)[1]
 0003[03] (bBiif)[1, 1, 1301104, 0, 10.0]
    ^(8 <- 0, 4)
 0003[02] (bBii)[1, 1, 0, 1302700]
    ^(4 <- 0, 4)
 0000[00] (bBb)[0, 1, 1]
 2004[09] (iiiiii)[0, 7151, -1, -1, 6082, -1]
    ^(0 <- 0, 4)
 0003[03] (bBiif)[2, 1, 1301104, 0, 10.0]
    ^(8 <- 0, 4)
 0003[02] (bBii)[2, 0, 0, 1302700]
    ^(4 <- 0, 4)
 0000[00] (bBb)[0, 1, 2]
 2004[09] (iiiiii)[0, -1, -1, -1, -1, -1]
    ^(0 <- 0, 4)
 1000[04] (B)[1]

11300100, 0
 1003[01] (BBBi)[2, 0, 2, 0]
 2005[03] (iB)[0, 0]
    ^(0 <- 8, 4)
 1000[04] (B)[0]
 0003[00] (bBBi)[1, 0, 0, 0]
    ^(4 <- 0, 4)
 0003[02] (bBii)[1, 1, 10000, 0]
    ^(8 <- 4, 4)
 0000[00] (bBb)[0, 1, 1]
 2005[01] (ib)[0, 1]
    ^(0 <- 8, 4)
 2006[03] (iiii)[0, 0, -1, 130000]
    ^(4 <- 8, 4)
 2010[02] (iii)[0, 3, 0]
    ^(0 <- 8, 4)
    ^(8 <- 12, 4)

11300150, 0
 1003[01] (BBBi)[2, 0, 1, 0]
 2005[08] (ib)[1301020, 1]
 1000[04] (B)[0]
 2004[01] (iB)[1300050, 0]
 0003[02] (bBii)[0, 1, 10000, 1302020]
 2004[01] (iB)[1300050, 1]
 2005[01] (ib)[1301020, 1]
 2010[02] (iii)[1301020, 0, 303600000]

11300160, 0
 1003[01] (BBBi)[2, 0, 1, 0]
 2005[03] (iB)[1301050, 0]
 1000[04] (B)[0]
 0005[00] (bBi)[0, 1, 1301050]
 2003[02] (iB)[11300160, 1]

11300200, 0
 1003[01] (BBBi)[2, 0, 1, 0]
 2005[07] (ii)[1301040, 0]
 1000[04] (B)[0]
 0003[00] (bBBi)[0, 1, 0, 6]
 2003[18] (iiBBB)[1301040, 0, 0, 0, 0]

11300210, 0
 1003[01] (BBBi)[3, 0, 1, 0]
 2005[03] (iB)[1301030, 0]
 2005[03] (iB)[1301031, 0]
 1000[04] (B)[0]
 0003[02] (bBii)[1, 1, 10000, 1302030]
 0000[00] (bBb)[0, 1, 1]
 1003[05] (Bb)[3, 2]
 2002[04] (iIiBBi)[130010, 0, 1302030, 13, 0, 10000]
 1001[01] (i)[1]
 1000[03] (B)[5]
 1003[01] (BBBi)[2, 0, 0, 11305060]
 2002[04] (iIiBBi)[130010, 2, 1302030, 13, 0, 10000]
 1000[03] (B)[1]
 2002[03] (iIi)[130010, 2, 10000]
 1001[01] (i)[1]
 2005[03] (iB)[1301030, 0]
 2005[03] (iB)[1301031, 0]

11305060, 0
 1003[02] (BBBi)[0, 1, 0, 11300210]
 2000[02] (B)[0]
 2003[02] (iB)[11305060, 0]
 0003[02] (bBii)[0, 1, 10000, 1302030]
 2003[02] (iB)[11305060, 1]
 0003[02] (bBii)[0, 0, 10000, 1302030]
 1000[04] (B)[1]

11300800, 1
 2003[02] (iB)[11305200, 1]
 2003[02] (iB)[11305040, 1]
 2000[00] (iIi|iif)[1, 11305050, 11305040, 1300100, 1302202, 10.0]
 2000[00] (iIi|iif)[2, 11305050, 11305051, 1300100, 1302203, 10.0]
 2000[00] (iIi|iif)[3, 11305050, 11305052, 1300100, 1302204, 10.0]
 2000[00] (iIi|iif)[4, 11305050, 11305053, 1300100, 1302205, 10.0]
 2000[00] (iII)[0, 11300801, 1300100]
 2000[00] (iII)[1, 11300801, 1300120]
 2000[00] (iII)[2, 11300801, 1300140]
 2000[00] (iII)[3, 11300801, 1300160]
 2000[00] (iII)[4, 11300801, 1300180]
 2000[00] (iII)[5, 11300801, 1300200]
 2000[00] (iII|I)[0, 11305100, 1300100, 1300101]
 2000[00] (iII|I)[1, 11305100, 1300100, 1300102]
 2000[00] (iII|I)[2, 11305100, 1300100, 1300103]
 2000[00] (iII|I)[3, 11305100, 1300100, 1300104]
 2000[00] (iII|I)[4, 11305100, 1300100, 1300105]
 2000[00] (iII|I)[5, 11305100, 1300100, 1300106]
 2000[00] (iII|I)[6, 11305100, 1300100, 1300107]
 2000[00] (iII|I)[7, 11305100, 1300100, 1300108]
 2000[00] (iII|I)[8, 11305100, 1300100, 1300109]
 2000[00] (iII|I)[9, 11305100, 1300100, 1300110]
 2000[00] (iII|I)[10, 11305100, 1300100, 1300111]
 2000[00] (iII|I)[11, 11305100, 1300100, 1300112]
 2000[00] (iII|I)[12, 11305100, 1300100, 1300113]
 2000[00] (iII|I)[13, 11305100, 1300100, 1300114]
 2000[00] (iII|I)[14, 11305100, 1300120, 1300121]
 2000[00] (iII|I)[15, 11305100, 1300120, 1300122]
 2000[00] (iII|I)[16, 11305100, 1300120, 1300123]
 2000[00] (iII|I)[17, 11305100, 1300120, 1300124]
 2000[00] (iII|I)[18, 11305100, 1300120, 1300125]
 2000[00] (iII|I)[19, 11305100, 1300120, 1300126]
 2000[00] (iII|I)[20, 11305100, 1300120, 1300127]
 2000[00] (iII|I)[21, 11305100, 1300120, 1300020]
 2000[00] (iII|I)[22, 11305100, 1300140, 1300141]
 2000[00] (iII|I)[23, 11305100, 1300140, 1300142]
 2000[00] (iII|I)[24, 11305100, 1300140, 1300143]
 2000[00] (iII|I)[25, 11305100, 1300140, 1300144]
 2000[00] (iII|I)[26, 11305100, 1300140, 1300145]
 2000[00] (iII|I)[27, 11305100, 1300140, 1300146]
 2000[00] (iII|I)[28, 11305100, 1300140, 1300147]
 2000[00] (iII|I)[29, 11305100, 1300160, 1300161]
 2000[00] (iII|I)[30, 11305100, 1300160, 1300162]
 2000[00] (iII|I)[31, 11305100, 1300160, 1300163]
 2000[00] (iII|I)[32, 11305100, 1300160, 1300164]
 2000[00] (iII|I)[33, 11305100, 1300160, 1300165]
 2000[00] (iII|I)[34, 11305100, 1300160, 1300166]
 2000[00] (iII|I)[35, 11305100, 1300180, 1300181]
 2000[00] (iII|I)[36, 11305100, 1300180, 1300182]
 2000[00] (iII|I)[37, 11305100, 1300180, 1300183]
 2000[00] (iII|I)[38, 11305100, 1300180, 1300184]
 2000[00] (iII|I)[39, 11305100, 1300180, 1300185]
 2000[00] (iII|I)[40, 11305100, 1300180, 1300000]
 2000[00] (iII|I)[41, 11305100, 1300180, 1300001]
 2000[00] (iII|I)[44, 11305100, 1300200, 1300201]
 2000[00] (iII|I)[45, 11305100, 1300200, 1300202]
 2000[00] (iII|I)[46, 11305100, 1300200, 1300203]
 2000[00] (iII|I)[47, 11305100, 1300200, 1300204]
 2000[00] (iII|I)[48, 11305100, 1300200, 1300205]
 2000[00] (iII|I)[49, 11305100, 1300200, 1300206]
 2000[00] (iII|I)[50, 11305100, 1300200, 1300207]
 2000[00] (iIi|f)[0, 11305070, 1300107, 5.0]
 2000[00] (iIi|f)[1, 11305070, 1300109, 5.0]
 2000[00] (iIi|f)[2, 11305070, 1300110, 5.0]
 2000[00] (iIi|f)[3, 11305070, 1300113, 5.0]
 2000[00] (iIi|f)[4, 11305070, 1300121, 5.0]
 2000[00] (iIi|f)[5, 11305070, 1300122, 5.0]
 2000[00] (iIi|f)[6, 11305070, 1300123, 5.0]
 2000[00] (iIi|f)[7, 11305070, 1300124, 5.0]
 2000[00] (iIi|f)[8, 11305070, 1300125, 5.0]
 2000[00] (iIi|f)[9, 11305070, 1300147, 5.0]
 2000[00] (iIi|f)[10, 11305070, 1300181, 5.0]
 2000[00] (iIi|f)[11, 11305070, 1300182, 5.0]
 2000[00] (iIi|f)[12, 11305070, 1300000, 5.0]
 2000[00] (iIi|f)[13, 11305070, 1300001, 5.0]
 2000[00] (iIi|f)[16, 11305070, 1300163, 5.0]
 2000[00] (iIi|f)[17, 11305070, 1300164, 5.0]
 2000[00] (iIi|f)[18, 11305070, 1300020, 5.0]
 2000[00] (iII)[0, 11305210, 1300350]
 2000[00] (iII)[1, 11305210, 1300351]
 2000[00] (iII)[2, 11305210, 1300352]
 2000[00] (iII)[3, 11305210, 1300353]
 2000[00] (iII)[4, 11305210, 1300354]
 2000[00] (iII)[5, 11305210, 1300355]
 2000[00] (iII)[6, 11305210, 1300356]
 2000[00] (iII)[7, 11305210, 1300357]
 2000[00] (iII)[8, 11305210, 1300358]
 2000[00] (iII)[9, 11305210, 1300359]
 2000[00] (iII)[10, 11305210, 1300360]
 2000[00] (iII)[13, 11305210, 1300363]

11305050, 2
 1003[02] (BBBi)[0, 1, 2, 0]
 0003[00] (bBBi)[1, 1, 0, 0]
    ^(4 <- 0, 4)
 0003[03] (bBiif)[1, 1, 0, 10000, 0.0]
    ^(4 <- 4, 4)
    ^(12 <- 12, 4)
 0004[03] (bib)[2, 10000, 2]
 0000[00] (bBb)[1, 0, 2]
 0000[00] (bBb)[0, 1, 1]
 2004[13] (ii)[0, 0]
    ^(0 <- 4, 4)
    ^(4 <- 8, 4)
 2004[17] (iiB)[0, 10, 0]
    ^(0 <- 4, 4)
 2004[20] (i)[0]
    ^(0 <- 4, 4)
 0003[02] (bBii)[0, 1, 0, 0]
    ^(4 <- 4, 4)
    ^(8 <- 8, 4)
 2004[17] (iiB)[0, -1, 0]
    ^(0 <- 4, 4)
 2004[20] (i)[0]
    ^(0 <- 4, 4)

11300801, 1
 1003[01] (BBBi)[3, 0, 2, 0]
 2004[05] (iB)[0, 0]
    ^(0 <- 0, 4)
 2004[04] (iB)[0, 0]
    ^(0 <- 0, 4)
 1000[04] (B)[0]
 0004[00] (biB)[0, 0, 1]
    ^(4 <- 0, 4)
 1000[04] (B)[0]

11305070, 2
 2004[09] (iiiiii)[0, -1, -1, -1, -1, -1]
    ^(0 <- 0, 4)
 1000[04] (B)[0]
 0003[03] (bBiif)[0, 1, 10000, 0, 0.0]
    ^(8 <- 0, 4)
    ^(12 <- 4, 4)
 2004[09] (iiiiii)[0, -1, -1, 9061, -1, -1]
    ^(0 <- 0, 4)

11305100, 2
 2004[12] (iB)[0, 0]
    ^(0 <- 4, 4)
 2004[21] (ii)[0, 5451]
    ^(0 <- 4, 4)
 1000[04] (B)[0]
 2004[12] (iB)[0, 1]
    ^(0 <- 4, 4)
 0004[00] (biB)[0, 0, 1]
    ^(4 <- 0, 4)
 2004[21] (ii)[0, 5451]
    ^(0 <- 4, 4)
 2004[12] (iB)[0, 0]
    ^(0 <- 4, 4)

11305210, 2
 1003[01] (BBBi)[1, 1, 2, 0]
 0004[08] (biiB)[0, 0, 400, 1]
    ^(4 <- 0, 4)
 2004[05] (iB)[0, 0]
    ^(0 <- 0, 4)

11305045, 1
 1003[02] (BBBi)[0, 1, 1, 0]
 2004[01] (iB)[1300300, 0]
 2004[09] (iiiiii)[1300300, 9000, -1, -1, -1, -1]
 0003[03] (bBiif)[-1, 1, 1300300, 10000, 5.0]
 0004[01] (bii)[-1, 1300300, 10000]
 0000[00] (bBb)[0, 1, -1]
 2004[09] (iiiiii)[1300300, -1, -1, -1, -1, -1]
 2004[01] (iB)[1300300, 1]

11300850, 1
 1003[01] (BBBi)[3, 0, 2, 0]
 2004[05] (iB)[0, 0]
    ^(0 <- 0, 4)
 2004[04] (iB)[0, 0]
    ^(0 <- 0, 4)
 1000[04] (B)[0]
 0004[00] (biB)[0, 0, 1]
    ^(4 <- 0, 4)
 1000[06] (Bbii)[0, 0, 0, 0]
    ^(4 <- 4, 4)
 0004[03] (bib)[-7, 10000, 0]
 0004[03] (bib)[-7, 10000, 8]
 1000[02] (BBb)[0, 0, -7]
 2003[36] (i)[0]
    ^(0 <- 4, 4)

11300510, 0
 0004[02] (bibf)[1, 0, 5, 0.8999999761581421]
    ^(4 <- 0, 4)
 0004[02] (bibf)[1, 0, 2, 0.0]
    ^(4 <- 0, 4)
 0004[01] (bii)[1, 0, 10000]
    ^(4 <- 0, 4)
 0003[00] (bBBi)[2, 1, 0, 0]
    ^(4 <- 4, 4)
 0003[00] (bBBi)[2, 1, 2, 0]
 0003[00] (bBBi)[3, 1, 0, 0]
    ^(4 <- 4, 4)
 0003[00] (bBBi)[3, 0, 2, 0]
 0000[00] (bBb)[-1, 1, 1]
 0000[00] (bBb)[-1, 1, 2]
 0000[00] (bBb)[-1, 1, 3]
 0000[00] (bBb)[0, 1, -1]
 1000[07] (BBb)[2, 0, 3]
 2004[05] (iB)[0, 0]
    ^(0 <- 0, 4)
 0003[00] (bBBi)[0, 1, 0, 703]
 2003[02] (iB)[0, 1]
    ^(0 <- 4, 4)
 2004[44] (iB)[0, 9]
    ^(0 <- 0, 4)
 2000[05] (B)[0]

11300520, 0
 1003[01] (BBBi)[2, 0, 2, 0]
 2004[37] (i)[0]
    ^(0 <- 0, 4)
 1000[04] (B)[0]
 0004[02] (bibf)[0, 0, 5, 0.0]
    ^(4 <- 0, 4)
 2003[22] (iiB)[0, 0, 0]
    ^(0 <- 4, 4)
    ^(4 <- 8, 4)
 2003[02] (iB)[0, 1]
    ^(0 <- 12, 4)

11300530, 0
 0003[00] (bBBi)[1, 0, 0, 1622]
 0003[00] (bBBi)[1, 0, 0, 1625]
 0003[00] (bBBi)[1, 0, 0, 1627]
 0003[00] (bBBi)[1, 0, 0, 1628]
 0003[00] (bBBi)[1, 1, 0, 1620]
 0003[00] (bBBi)[1, 1, 0, 11300593]
 0004[00] (biB)[1, 0, 0]
    ^(4 <- 0, 4)
 0000[00] (bBb)[0, 1, 1]
 2003[22] (iiB)[0, 0, 0]
    ^(0 <- 4, 4)
    ^(4 <- 8, 4)
 2003[02] (iB)[0, 1]
    ^(0 <- 12, 4)

11300531, 0
 0003[00] (bBBi)[1, 1, 0, 1620]
 0004[02] (bibf)[1, 0, 5, 0.0]
    ^(4 <- 0, 4)
 0003[00] (bBBi)[2, 1, 0, 1621]
 0004[02] (bibf)[2, 0, 5, 0.0]
    ^(4 <- 0, 4)
 0003[00] (bBBi)[3, 1, 0, 0]
    ^(4 <- 4, 4)
 0003[00] (bBBi)[3, 1, 1, 0]
 0000[00] (bBb)[-1, 1, 1]
 0000[00] (bBb)[-1, 1, 2]
 0000[00] (bBb)[-1, 1, 3]
 0000[00] (bBb)[0, 1, -1]
 2003[02] (iB)[1627, 0]
 2003[02] (iB)[0, 1]
    ^(0 <- 4, 4)
 1000[08] (BBb)[0, 0, 3]
 2004[37] (i)[0]
    ^(0 <- 0, 4)

11300533, 0
 0003[00] (bBBi)[1, 0, 0, 1627]
 0003[00] (bBBi)[1, 0, 0, 1628]
 0003[00] (bBBi)[-7, 1, 0, 1620]
 0003[00] (bBBi)[-7, 1, 0, 1621]
 0000[00] (bBb)[1, 1, -7]
 0000[00] (bBb)[2, 1, 1]
 0003[00] (bBBi)[2, 1, 0, 6]
 0000[00] (bBb)[3, 1, 1]
 0003[00] (bBBi)[3, 1, 0, 1173]
 0000[00] (bBb)[-1, 1, 2]
 0000[00] (bBb)[-1, 1, 3]
 0000[00] (bBb)[0, 1, -1]
 2003[22] (iiB)[0, 0, 0]
    ^(0 <- 4, 4)
    ^(4 <- 8, 4)
 2003[02] (iB)[0, 1]
    ^(0 <- 12, 4)
 2004[05] (iB)[0, 0]
    ^(0 <- 0, 4)

11305025, 0
 1003[05] (Bb)[1, 1]
 2004[28] (ii)[6550, 4095]
 1003[01] (BBBi)[3, 1, 0, 11305028]
 0003[06] (bb)[2, 1]
 0003[00] (bBBi)[2, 1, 0, 11305026]
 1000[01] (BBb)[1, 1, 2]
 2004[05] (iB)[6550, 0]
 1003[02] (BBBi)[0, 1, 0, 6]
 0003[06] (bb)[1, 0]
 0004[03] (bib)[1, 10000, 0]
 0004[07] (biB)[1, 6550, 1]
 0000[00] (bBb)[0, 1, 1]
 2003[25] (iiiii)[0, 6550, 1302050, 11305026, 11305028]
 0003[00] (bBBi)[0, 1, 0, 11305026]
 2004[13] (ii)[6550, 1302051]

11305027, 0
 1003[02] (BBBi)[0, 1, 1, 0]
 0003[00] (bBBi)[1, 1, 0, 11305026]
 0003[00] (bBBi)[1, 1, 0, 11305393]
 0000[00] (bBb)[0, 1, 1]
 2004[17] (iiB)[6550, 10, 0]
 2004[20] (i)[6550]
 0003[02] (bBii)[0, 1, 6550, 1302998]
 2004[14] (ii)[6550, 1302997]
 2003[18] (iiBBB)[6550, 7410, 0, 0, 0]
 2004[17] (iiB)[6550, -1, 0]
 2004[20] (i)[6550]

11305061, 1
 1003[02] (BBBi)[0, 1, 1, 0]
 2004[31] (iB)[0, 1]
    ^(0 <- 0, 4)
 2004[10] (iB)[0, 0]
    ^(0 <- 0, 4)
 1001[01] (i)[10]
 2004[31] (iB)[0, 0]
    ^(0 <- 0, 4)
 2004[10] (iB)[0, 1]
    ^(0 <- 0, 4)

11300592, 0
 0003[06] (bb)[1, 0]
 0003[00] (bBBi)[1, 1, 0, 1620]
 0003[00] (bBBi)[1, 0, 0, 11300403]
 0003[02] (bBii)[1, 1, 10000, 1302000]
 0000[00] (bBb)[0, 1, 1]
 2003[02] (iB)[11300592, 1]
 2005[05] (iii)[1301003, 3011, -1]

11300593, 0
 0003[06] (bb)[1, 0]
 0003[00] (bBBi)[1, 1, 0, 1620]
 0003[00] (bBBi)[1, 1, 0, 11300592]
 0003[00] (bBBi)[1, 1, 0, 11300403]
 0003[02] (bBii)[1, 1, 10000, 1302001]
 0000[00] (bBb)[0, 1, 1]
 2003[02] (iB)[11300593, 1]
 2005[05] (iii)[1301003, 3012, -1]

11302000, 0
 0003[05] (biifhfiBi)[0, 1, 1302675, 0.0, -1, 0.0, 10010140, 48, 0]
 2003[14] (BBi)[10, 2, -1]
 1001[00] (f)[3.0]
 1000[04] (B)[1]

11302001, 1
 2004[02] (ib)[6320, 2]
 2004[15] (iB)[6320, 1]
 2004[01] (iB)[6320, 0]
 1003[02] (BBBi)[0, 1, 1, 0]
 0003[05] (biifhfiBi)[0, 2, 6320, 180.0, -1, 2.0, 10010200, 48, 0]
 2007[03] (iB)[10010156, 1]

11302002, 1
 2004[05] (iB)[1300600, 0]
 2004[05] (iB)[1300601, 0]
 2004[05] (iB)[1300602, 0]
 2004[05] (iB)[1300603, 0]
 2004[05] (iB)[1300604, 0]
 2004[05] (iB)[1300605, 0]
 2004[05] (iB)[1300606, 0]
 2004[05] (iB)[1300607, 0]
 2004[05] (iB)[1300608, 0]
 2004[05] (iB)[1300609, 0]
 2005[03] (iB)[1301890, 0]
 2006[01] (iB)[1301891, 0]
 2005[03] (iB)[1301892, 0]
 2006[01] (iB)[1301893, 0]
 1003[02] (BBBi)[0, 1, 1, 0]
 1003[01] (BBBi)[2, 0, 0, 51300260]
 2003[24] (iii)[3, 305, 0]
 1000[03] (B)[1]
 2005[04] (iB)[1301675, 0]
 0003[04] (bBiB)[1, 3, 301, 1]
 0003[04] (bBiB)[1, 3, 302, 1]
 0003[04] (bBiB)[1, 3, 303, 1]
 0003[04] (bBiB)[1, 3, 304, 1]
 0000[00] (bBb)[0, 1, 1]
 1003[01] (BBBi)[2, 0, 0, 51300260]
 2003[02] (iB)[51300260, 0]
 2005[15] (i)[1301675]
 2005[04] (iB)[1301675, 1]
 0003[00] (bBBi)[0, 1, 0, 51300260]
 2005[03] (iB)[1301890, 1]
 2006[02] (i)[1301891]
 2005[03] (iB)[1301892, 1]
 2006[02] (i)[1301893]
 1001[00] (f)[2.0]
 2007[03] (iB)[10010155, 1]
 1001[00] (f)[3.0]
 2004[05] (iB)[1300600, 1]
 2004[05] (iB)[1300601, 1]
 2004[05] (iB)[1300602, 1]
 2004[05] (iB)[1300603, 1]
 2004[05] (iB)[1300604, 1]
 2004[05] (iB)[1300605, 1]
 2004[05] (iB)[1300606, 1]
 2004[05] (iB)[1300607, 1]
 2004[05] (iB)[1300608, 1]
 2004[05] (iB)[1300609, 1]
 2000[00] (iII)[0, 11302003, 0]
 0004[00] (biB)[2, 1300600, 1]
 0004[00] (biB)[2, 1300601, 1]
 0004[00] (biB)[2, 1300602, 1]
 0004[00] (biB)[2, 1300603, 1]
 0004[00] (biB)[2, 1300604, 1]
 0004[00] (biB)[2, 1300605, 1]
 0004[00] (biB)[2, 1300606, 1]
 0004[00] (biB)[2, 1300607, 1]
 0004[00] (biB)[2, 1300608, 1]
 0004[00] (biB)[2, 1300609, 1]
 0004[00] (biB)[2, 10000, 0]
 0000[00] (bBb)[0, 1, 2]
 2003[08] (iiB)[11302003, 0, 0]
 2007[03] (iB)[10010157, 1]
 2005[03] (iB)[1301890, 0]
 2006[01] (iB)[1301891, 0]
 2005[03] (iB)[1301892, 0]
 2006[01] (iB)[1301893, 0]

11302003, 0
 1001[00] (f)[60.0]
 1003[01] (BBBi)[3, 1, 0, 11302002]
 2007[03] (iB)[10010159, 1]
 1001[00] (f)[1.0]
 2004[04] (iB)[10000, 0]
 1000[04] (B)[0]

11302010, 0
 0003[04] (bBiB)[1, 3, 0, 1]
    ^(4 <- 0, 4)
 0003[08] (bBBB)[1, 1, 13, 0]
 0000[00] (bBb)[0, 1, 1]
 2004[08] (ii)[10000, 0]
    ^(4 <- 4, 4)
 0003[04] (bBiB)[-1, 3, 0, 0]
    ^(4 <- 0, 4)
 0003[08] (bBBB)[-1, 0, 13, 0]
 0000[00] (bBb)[0, 1, -1]
 2004[21] (ii)[10000, 0]
    ^(4 <- 4, 4)
 1000[04] (B)[1]

11302015, 0
 0003[04] (bBiB)[1, 3, 0, 1]
    ^(4 <- 0, 4)
 0003[08] (bBBB)[1, 1, 13, 0]
 0003[03] (bBiif)[1, 0, 10000, 1300960, 5.0]
 0003[03] (bBiif)[1, 0, 10000, 1300961, 5.0]
 0000[00] (bBb)[0, 1, 1]
 2004[08] (ii)[10000, 0]
    ^(4 <- 4, 4)
 0003[04] (bBiB)[-1, 3, 0, 0]
    ^(4 <- 0, 4)
 0003[08] (bBBB)[-1, 0, 13, 0]
 0003[03] (bBiif)[-1, 1, 10000, 1300960, 4.0]
 0003[03] (bBiif)[-1, 1, 10000, 1300961, 4.0]
 0000[00] (bBb)[0, 1, -1]
 2004[21] (ii)[10000, 0]
    ^(4 <- 4, 4)
 1000[04] (B)[1]

11302100, 0
 0004[05] (biiB)[0, 10000, 4720, 1]
 2004[08] (ii)[0, 4725]
    ^(0 <- 0, 4)
 0004[05] (biiB)[0, 10000, 4720, 0]
 2004[21] (ii)[0, 4725]
    ^(0 <- 0, 4)
 1000[04] (B)[1]

11302004, 1
 1003[01] (BBBi)[2, 0, 1, 0]
 2004[05] (iB)[1300400, 0]
 1000[04] (B)[0]
 0004[00] (biB)[0, 1300400, 1]
 2003[36] (i)[4520]

11302005, 1
 1003[01] (BBBi)[2, 0, 1, 0]
 2004[05] (iB)[6320, 0]
 1000[04] (B)[0]
 0003[00] (bBBi)[1, 1, 0, 11302001]
 0003[04] (bBiB)[1, 3, 301, 1]
 0003[04] (bBiB)[1, 3, 302, 1]
 0003[04] (bBiB)[1, 3, 303, 1]
 0003[04] (bBiB)[1, 3, 304, 1]
 0003[04] (bBiB)[1, 3, 305, 1]
 0003[05] (biifhfiBi)[1, 2, 6320, 180.0, -1, 2.0, 10010154, 48, 0]
 0000[00] (bBb)[0, 1, 1]
 2003[24] (iii)[3, 301, 0]
 2003[24] (iii)[3, 302, 0]
 2003[24] (iii)[3, 303, 0]
 2003[24] (iii)[3, 304, 0]
 2003[24] (iii)[3, 305, 0]
 2003[02] (iB)[1902, 1]
 1001[00] (f)[1.0]
 2007[02] (B)[9]
 2004[08] (ii)[10000, 4802]
 1001[00] (f)[5.0]
 2003[14] (BBi)[10, 2, -1]

11302006, 1
 1003[01] (BBBi)[3, 0, 1, 0]
 2004[37] (i)[6200]
 2004[05] (iB)[6200, 0]
 1000[04] (B)[0]
 0004[00] (biB)[0, 6200, 1]
 1000[04] (B)[0]

11302007, 0
 1003[02] (BBBi)[0, 1, 1, 0]
 0003[04] (bBiB)[1, 3, 301, 1]
 0003[04] (bBiB)[1, 3, 302, 1]
 0003[04] (bBiB)[1, 3, 303, 1]
 0003[04] (bBiB)[1, 3, 304, 1]
 0000[00] (bBb)[0, 1, 1]
 2007[03] (iB)[10010390, 1]