0, 0
 2004[07] (i)[1500200]
 2004[34] (iBb)[1500100, 1, 0]
 2009[03] (iiffi)[11500984, 1501961, 2.0, 180.0, 0]
 2009[00] (iii)[11500010, 11500011, 1501140]
 2009[00] (iii)[11500012, 11500013, 1501141]
 2009[00] (iii)[11500014, 11500015, 1501142]
 2009[00] (iii)[11500016, 11500017, 1501143]
 1003[05] (Bb)[2, 0]
 2003[02] (iB)[11505240, 1]
 2003[02] (iB)[11505360, 0]
 1003[05] (Bb)[2, 1]
 2005[03] (iB)[1501994, 0]
 2006[01] (iB)[1501995, 0]
 2011[01] (iB)[1503210, 0]
 2005[03] (iB)[1501800, 0]
 2005[03] (iB)[1501801, 0]
 2005[03] (iB)[1501802, 0]
 2005[03] (iB)[1501803, 0]
 2005[03] (iB)[1501804, 0]
 2005[03] (iB)[1501805, 0]
 2005[03] (iB)[1501806, 0]
 2005[03] (iB)[1501807, 0]
 1003[01] (BBBi)[1, 1, 0, 11500803]
 2005[07] (ii)[1501790, 3]
 1003[01] (BBBi)[1, 0, 0, 11500806]
 2005[07] (ii)[1501790, 0]
 1003[01] (BBBi)[1, 0, 0, 11500809]
 2005[07] (ii)[1501790, 1]
 1003[01] (BBBi)[1, 0, 0, 11500812]
 2005[07] (ii)[1501790, 2]
 2011[01] (iB)[1503200, 0]
 2011[01] (iB)[1503201, 0]
 2011[01] (iB)[1503202, 0]
 1003[01] (BBBi)[3, 0, 0, 11500821]
 2005[03] (iB)[1501801, 1]
 2005[07] (ii)[1501801, 5]
 2011[01] (iB)[1503200, 1]
 1003[01] (BBBi)[3, 0, 0, 11500822]
 2005[03] (iB)[1501802, 1]
 2005[07] (ii)[1501802, 6]
 2011[01] (iB)[1503201, 1]
 1003[01] (BBBi)[3, 0, 0, 11500823]
 2005[03] (iB)[1501803, 1]
 2005[07] (ii)[1501803, 7]
 2011[01] (iB)[1503202, 1]
 1003[01] (BBBi)[21, 0, 0, 11500100]
 1003[01] (BBBi)[10, 1, 0, 11500101]
 2003[13] (iIB)[1503100, 8, 0]
 2003[13] (iIB)[1503110, 32, 0]
 2003[13] (iIB)[1503101, 32, 0]
 2003[13] (iIB)[1503111, 8, 0]
 2003[13] (iIB)[1503102, 32, 0]
 2003[13] (iIB)[1503112, 8, 0]
 2003[13] (iIB)[1503103, 8, 0]
 2003[13] (iIB)[1503113, 32, 0]
 2005[07] (ii)[1501011, 12]
 1000[03] (B)[9]
 2003[13] (iIB)[1503100, 32, 0]
 2003[13] (iIB)[1503110, 8, 0]
 2003[13] (iIB)[1503101, 8, 0]
 2003[13] (iIB)[1503111, 32, 0]
 2003[13] (iIB)[1503102, 8, 0]
 2003[13] (iIB)[1503112, 32, 0]
 2003[13] (iIB)[1503103, 32, 0]
 2003[13] (iIB)[1503113, 8, 0]
 2005[07] (ii)[1501011, 11]
 1000[03] (B)[4]
 2003[13] (iIB)[1503100, 1, 0]
 2003[13] (iIB)[1503101, 1, 0]
 2003[13] (iIB)[1503102, 1, 0]
 2003[13] (iIB)[1503103, 1, 0]
 2000[00] (iII|III)[0, 11500090, 1501700, 1501701, 1502600, 1502601]
 2000[00] (iII|III)[1, 11500090, 1501702, 1501703, 1502602, 1502603]
 2000[00] (iII)[0, 11505090, 0]
 2000[00] (iII)[0, 11505091, 0]
 2000[00] (iII)[0, 11505092, 0]
 2000[00] (iII)[0, 11505300, 0]
 2000[00] (iII)[0, 11500840, 0]
 2000[00] (iII)[0, 11500841, 11500803]
 2000[00] (iII)[1, 11500841, 11500806]
 2000[00] (iII)[2, 11500841, 11500809]
 2000[00] (iII)[3, 11500841, 11500812]
 2000[00] (iII)[0, 11500790, 0]
 2000[00] (iII)[0, 11500791, 0]
 2000[00] (iII)[0, 11500795, 0]
 2000[00] (iII)[0, 11500796, 0]
 2000[00] (iII)[0, 11500797, 0]
 2000[00] (iII)[0, 11500798, 0]
 2000[00] (iII)[0, 11500830, 0]
 2000[00] (iII)[0, 11500831, 0]
 2000[00] (iII)[0, 11500850, 0]
 2000[00] (iII)[0, 11500100, 0]
 2000[00] (iII)[0, 11500102, 0]
 2000[00] (iII)[0, 11500103, 0]
 2000[00] (iII)[0, 11500106, 0]
 2000[00] (iII)[0, 11500107, 0]
 2000[00] (iII|I)[0, 11500110, 1501030, 11500110]
 2000[00] (iII|I)[1, 11500110, 1501031, 11500111]
 2000[00] (iII|I)[2, 11500110, 1501032, 11500112]
 2000[00] (iII|I)[3, 11500110, 1501033, 11500113]
 2000[00] (iII|I)[5, 11500110, 1501035, 11500115]
 2000[00] (iII|I)[6, 11500110, 1501036, 11500116]
 2000[00] (iII)[0, 11505050, 0]
 2000[00] (iII)[0, 11505051, 0]
 2000[00] (iII)[0, 11505055, 0]
 2000[00] (iII)[0, 11505110, 0]
 2000[00] (iII)[0, 11505101, 0]
 2000[00] (iII)[0, 11505102, 0]
 2000[00] (iII|II)[0, 11505111, 11505111, 1502700, 1]
 2000[00] (iII|II)[1, 11505111, 11505112, 1502701, 2]
 2000[00] (iII|II)[2, 11505111, 11505113, 1502702, 3]
 2000[00] (iII|II)[3, 11505111, 11505114, 1502703, 4]
 2000[00] (iII|II)[4, 11505111, 11505115, 1502704, 5]
 2000[00] (iII|II)[5, 11505111, 11505116, 1502705, 6]
 2000[00] (iII|II)[6, 11505111, 11505117, 1502710, 4294967295]
 2000[00] (iII)[0, 11505060, 1500100]
 2000[00] (iII)[1, 11505060, 1500101]
 2000[00] (iII)[2, 11505060, 1500102]
 2000[00] (iII)[0, 11505070, 1500100]
 2000[00] (iII)[1, 11505070, 1500101]
 2000[00] (iII)[2, 11505070, 1500102]
 2000[00] (iII)[0, 11505080, 0]
 2000[00] (iII)[0, 11500835, 0]
 2010[03] (iB)[1503800, 0]
 1003[01] (BBBi)[4, 0, 0, 11]
 2000[00] (iII)[0, 11505392, 0]
 2005[03] (iB)[1501990, 0]
 2006[01] (iB)[1501991, 0]
 1000[03] (B)[11]
 2000[00] (iII)[0, 11505390, 0]
 2000[00] (iII)[0, 11505391, 0]
 2000[00] (iII)[0, 11505393, 0]
 2000[00] (iII)[0, 11505392, 0]
 2000[00] (iII)[0, 11500001, 0]
 2000[00] (iII)[0, 11505394, 0]
 2000[00] (iII)[0, 11505395, 0]
 2000[00] (iII)[0, 11505350, 0]
 2000[00] (iII)[0, 11505358, 0]
 2000[00] (iII)[0, 11505353, 0]
 2000[00] (iII)[0, 11505354, 0]
 2000[00] (iII)[0, 11505010, 0]
 2000[00] (iII)[0, 11505011, 0]
 2000[00] (iII)[0, 11505012, 0]
 2000[00] (iII)[0, 11505013, 0]
 2000[00] (iII)[0, 11505014, 0]
 2000[00] (iII)[0, 11500900, 0]
 2000[00] (iII)[0, 11505015, 0]
 2000[00] (iII|IIIII)[0, 11505270, 1502200, 1501200, 1503500, 1501210, 0, 11505280]
 2000[00] (iII|IIIII)[1, 11505270, 1502201, 1501201, 1503500, 1501211, 90, 11505281]
 2000[00] (iII|IIIII)[2, 11505270, 1502202, 1501202, 1503500, 1501212, 90, 11505282]
 2000[00] (iII|IIIII)[3, 11505270, 1502203, 1501203, 1503500, 1501213, 270, 11505283]
 2000[00] (iII|IIIII)[4, 11505270, 1502204, 1501204, 1503500, 1501214, 180, 11505284]
 2000[00] (iII|IIIII)[5, 11505270, 1502205, 1501205, 1503500, 1501213, 270, 11505285]
 2000[00] (iII)[0, 11505260, 0]
 2000[00] (iIi|i)[0, 11500860, 6600, 0]
 2000[00] (iIi|i)[1, 11500860, 1500300, 0]
 2000[00] (iIi|i)[2, 11500860, 1500301, 0]
 2000[00] (iIi|i)[3, 11500860, 1500302, 0]
 2000[00] (iIi|i)[4, 11500860, 1500700, 41800000]
 2000[00] (iIi|i)[5, 11500860, 1500100, 0]
 2000[00] (iIi|i)[6, 11500860, 1500412, 6510]
 2000[00] (iIi|i)[7, 11500860, 1500102, 28600300]
 2000[00] (iII|I)[0, 11500600, 1501650, 11500600]
 2000[00] (iII|I)[2, 11500600, 1501652, 11500602]
 2000[00] (iII|I)[4, 11500600, 1501654, 11500604]
 2000[00] (iII|I)[9, 11500600, 1501659, 11500609]
 2000[00] (iII|I)[10, 11500600, 1501660, 11500610]
 2000[00] (iII|If)[0, 11502040, 1500400, 1502400, 0.0]
 2000[00] (iII|If)[1, 11502040, 1500401, 1502401, 0.0]
 2000[00] (iII|If)[2, 11502040, 1500402, 1502402, 0.0]
 2000[00] (iII|If)[3, 11502040, 1500403, 1502403, 0.0]
 2000[00] (iII|If)[4, 11502040, 1500404, 1502404, 0.0]
 2000[00] (iII|If)[5, 11502040, 1500405, 1502405, 0.0]
 2000[00] (iII|If)[6, 11502040, 1500406, 1502406, 0.0]
 2000[00] (iII|If)[7, 11502040, 1500407, 1502407, 0.0]
 2000[00] (iII|If)[8, 11502040, 1500408, 1502408, 0.0]
 2000[00] (iII|If)[9, 11502040, 1500409, 1502409, 0.0]
 2000[00] (iII|If)[10, 11502040, 1500410, 1502410, 0.0]
 2000[00] (iII|If)[11, 11502040, 1500411, 1502411, 0.0]
 2000[00] (iII|If)[12, 11502040, 1500412, 1502412, 0.0]
 2000[00] (iII)[0, 11502002, 0]
 2000[00] (iII)[0, 11502003, 0]
 2000[00] (iII)[0, 11502005, 0]
 2000[00] (iII)[0, 11502004, 0]
 2000[00] (iII)[0, 11502001, 0]

50, 0
 2004[45] (ii)[6600, 8980]

1000000000, 0
 2004[05] (iB)[1500200, 0]
 2004[34] (iBb)[1500100, 1, 0]

11500090, 0
 1003[01] (BBBi)[3, 0, 2, 0]
 2005[03] (iB)[0, 0]
    ^(0 <- 0, 4)
 2006[01] (iB)[0, 0]
    ^(0 <- 4, 4)
 1000[04] (B)[0]
 0003[18] (biifhfiBii)[1, 1, 0, 0.0, 0, 0.0, 10010403, 48, 0, 0]
    ^(8 <- 8, 4)
    ^(36 <- 0, 4)
 0003[18] (biifhfiBii)[2, 1, 0, 0.0, 0, 0.0, 10010407, 48, 0, 0]
    ^(8 <- 12, 4)
    ^(36 <- 0, 4)
 0000[00] (bBb)[-1, 1, 1]
 0000[00] (bBb)[-1, 1, 2]
 0000[00] (bBb)[0, 1, -1]
 1000[07] (BBb)[2, 1, 2]
 2004[41] (iBii)[10000, 1, 0, -1]
    ^(8 <- 8, 4)
 1000[03] (B)[1]
 2004[41] (iBii)[10000, 1, 0, -1]
    ^(8 <- 12, 4)
 2003[18] (iiBBB)[10000, 7410, 0, 0, 0]
 2005[03] (iB)[0, 0]
    ^(0 <- 0, 4)
 2006[01] (iB)[0, 1]
    ^(0 <- 4, 4)

11505090, 1
 1003[02] (BBBi)[0, 1, 1, 0]
 2004[05] (iB)[1500900, 0]
 2004[05] (iB)[1500901, 0]
 2004[05] (iB)[1500902, 0]
 2004[05] (iB)[1500903, 0]
 2004[05] (iB)[1500904, 0]
 2004[05] (iB)[1500905, 0]
 2004[05] (iB)[1500906, 0]
 2004[05] (iB)[1500907, 0]
 2004[05] (iB)[1500908, 0]
 2004[05] (iB)[1500909, 0]
 0003[00] (bBBi)[0, 1, 0, 11500050]
 1003[02] (BBBi)[0, 1, 0, 735]
 2003[02] (iB)[5000, 1]
 2004[05] (iB)[1500900, 1]
 2004[05] (iB)[1500901, 1]
 2004[05] (iB)[1500902, 1]
 2004[05] (iB)[1500903, 1]
 2004[05] (iB)[1500904, 1]
 2004[05] (iB)[1500905, 1]
 2004[05] (iB)[1500906, 1]
 2004[05] (iB)[1500907, 1]
 2004[05] (iB)[1500908, 1]
 2004[05] (iB)[1500909, 1]

11505091, 1
 0003[00] (bBBi)[-1, 1, 0, 11505095]
 0003[00] (bBBi)[-1, 1, 0, 735]
 0000[00] (bBb)[0, 1, -1]
 1003[01] (BBBi)[1, 0, 0, 735]
 2003[02] (iB)[735, 0]
 2003[02] (iB)[11500050, 0]
 2003[02] (iB)[11505095, 0]
 2003[02] (iB)[5001, 1]
 2004[04] (iB)[1500900, 0]
 2004[04] (iB)[1500901, 0]
 2004[04] (iB)[1500902, 0]
 2004[04] (iB)[1500903, 0]
 2004[04] (iB)[1500904, 0]
 2004[04] (iB)[1500905, 0]
 2004[04] (iB)[1500906, 0]
 2004[04] (iB)[1500907, 0]
 2004[04] (iB)[1500908, 0]
 2004[04] (iB)[1500909, 0]

11505092, 1
 1003[06] (Bb)[0, 1]
 0003[11] (bBBB)[1, 1, 2, 50]
 0003[08] (bBBB)[1, 1, 15, 0]
 0000[00] (bBb)[-1, 1, 1]
 0003[00] (bBBi)[-1, 1, 0, 11500050]
 0000[00] (bBb)[0, 1, -1]
 1001[01] (i)[1]
 0003[11] (bBBB)[2, 1, 2, 50]
 0003[08] (bBBB)[2, 1, 15, 0]
 0000[00] (bBb)[-2, 1, 2]
 0003[00] (bBBi)[-2, 1, 0, 11500050]
 1000[02] (BBb)[1, 0, -2]
 1001[01] (i)[1]
 0003[11] (bBBB)[3, 1, 2, 50]
 0003[08] (bBBB)[3, 1, 15, 0]
 0000[00] (bBb)[-3, 1, 3]
 0003[00] (bBBi)[-3, 1, 0, 11500050]
 1000[02] (BBb)[1, 0, -3]
 1001[01] (i)[1]
 0003[11] (bBBB)[4, 1, 2, 50]
 0003[08] (bBBB)[4, 1, 15, 0]
 0000[00] (bBb)[-4, 1, 4]
 0003[00] (bBBi)[-4, 1, 0, 11500050]
 1000[02] (BBb)[1, 0, -4]
 1001[01] (i)[1]
 0003[11] (bBBB)[5, 1, 2, 50]
 0003[08] (bBBB)[5, 1, 15, 0]
 0000[00] (bBb)[-5, 1, 5]
 0003[00] (bBBi)[-5, 1, 0, 11500050]
 1000[02] (BBb)[1, 0, -5]
 1001[01] (i)[1]
 0003[11] (bBBB)[6, 1, 2, 50]
 0003[08] (bBBB)[6, 1, 15, 0]
 0000[00] (bBb)[-6, 1, 6]
 0003[00] (bBBi)[-6, 1, 0, 11500050]
 1000[02] (BBb)[1, 0, -6]
 2003[02] (iB)[11500050, 1]
 1001[00] (f)[600.0]
 0003[11] (bBBB)[7, 1, 5, 50]
 0003[08] (bBBB)[7, 1, 15, 0]
 1000[02] (BBb)[1, 0, 7]
 2003[02] (iB)[11500050, 0]
 2003[02] (iB)[11505095, 1]

11505300, 0
 2005[09] (iiiiifff)[11505301, 1501850, 101, 5040, 1, 0.3, 0.0, 2.0]
 2005[09] (iiiiifff)[11505302, 1501851, 101, 5040, 1, 0.3, 0.0, 2.0]
 2005[09] (iiiiifff)[11505303, 1501852, 101, 5040, 1, 0.3, 0.0, 2.0]
 2005[09] (iiiiifff)[11505304, 1501853, 101, 5040, 1, 0.3, 0.0, 2.0]
 2005[09] (iiiiifff)[11505305, 1501854, 101, 5040, 1, 0.3, 0.0, 2.0]
 2005[09] (iiiiifff)[11505306, 1501855, 101, 5040, 1, 0.3, 0.0, 2.0]
 2005[09] (iiiiifff)[11505307, 1501856, 101, 5040, 1, 0.3, 0.0, 2.0]
 2005[09] (iiiiifff)[11505308, 1501857, 101, 5040, 1, 0.3, 0.0, 2.0]
 2005[09] (iiiiifff)[11505309, 1501858, 101, 5040, 1, 0.3, 0.0, 2.0]
 2005[09] (iiiiifff)[11505310, 1501859, 101, 5040, 1, 0.3, 0.0, 2.0]
 2005[09] (iiiiifff)[11505311, 1501860, 101, 5040, 1, 0.3, 0.0, 2.0]
 2005[09] (iiiiifff)[11505312, 1501861, 101, 5040, 1, 0.3, 0.0, 2.0]
 2005[09] (iiiiifff)[11505313, 1501862, 101, 5040, 1, 0.3, 0.0, 2.0]
 2005[09] (iiiiifff)[11505314, 1501863, 101, 5040, 1, 0.3, 0.0, 2.0]
 2005[09] (iiiiifff)[11505315, 1501864, 101, 5040, 1, 0.3, 0.0, 2.0]
 2005[09] (iiiiifff)[11505316, 1501865, 101, 5040, 1, 0.3, 0.0, 2.0]
 2005[09] (iiiiifff)[11505317, 1501866, 101, 5040, 1, 0.3, 0.0, 2.0]
 2005[09] (iiiiifff)[11505290, 1501010, 101, 5060, 1, 1.2, 0.0, 0.5]

11505390, 0
 0003[00] (bBBi)[1, 0, 0, 11]
 0003[19] (biifhfiBii)[1, 1, 1502998, 0.0, -1, 0.0, 10010403, 48, 0, 1501990]
 0000[00] (bBb)[0, 1, 1]
 2004[14] (ii)[10000, 1502997]
 2003[18] (iiBBB)[10000, 7410, 0, 0, 0]
 1000[04] (B)[1]

11505391, 0
 0003[00] (bBBi)[1, 0, 0, 11]
 0003[00] (bBBi)[1, 1, 0, 11505393]
 0004[03] (bib)[1, 10000, 1]
 0003[18] (biifhfiBii)[1, 1, 1502998, 0.0, -1, 0.0, 10010403, 255, 0, 1501990]
 0000[00] (bBb)[0, 1, 1]
 2004[14] (ii)[10000, 1502997]
 2003[18] (iiBBB)[10000, 7410, 0, 0, 0]
 1000[04] (B)[1]

11505393, 0
 1003[01] (BBBi)[3, 1, 1, 0]
 0003[00] (bBBi)[1, 0, 0, 11]
 0003[02] (bBii)[1, 1, 10000, 1502996]
 0000[00] (bBb)[0, 1, 1]
 1003[05] (Bb)[1, 1]
 2009[06] (B)[0]
 2009[04] (i)[1500800]
 2009[04] (i)[1500801]

11505392, 1
 1003[01] (BBBi)[8, 0, 0, 11]
 2004[05] (iB)[1500800, 0]
 2004[29] (iB)[1500800, 1]
 2004[05] (iB)[1500801, 0]
 2004[29] (iB)[1500801, 1]
 0004[07] (biB)[0, 1500100, 1]
 2004[17] (iiB)[1500100, 10, 0]
 2004[20] (i)[1500100]
 1000[04] (B)[0]
 2004[01] (iB)[1500800, 0]
 2004[01] (iB)[1500801, 0]
 2004[09] (iiiiii)[1500800, 9000, -1, -1, -1, -1]
 2004[09] (iiiiii)[1500801, 9000, -1, -1, -1, -1]
 2000[00] (iII)[0, 11505351, 0]
 2000[00] (iII)[0, 11505352, 0]
 2000[00] (iII)[0, 11505356, 0]
 2000[00] (iII)[0, 11505357, 0]
 0003[00] (bBBi)[1, 1, 0, 11505393]
 0003[02] (bBii)[1, 1, 10000, 1502996]
 0000[00] (bBb)[0, 1, 1]
 2004[01] (iB)[1500800, 1]
 2004[01] (iB)[1500801, 1]
 2004[09] (iiiiii)[1500800, -1, -1, 9060, -1, -1]
 2004[09] (iiiiii)[1500801, -1, -1, 9060, -1, -1]
 2003[11] (bihh)[1, 1500800, 0, 2320]
 2003[11] (bihh)[1, 1500801, 1, 2321]

11500001, 0
 2006[01] (iB)[1503010, 0]
 0004[00] (biB)[1, 1500800, 1]
 0004[00] (biB)[1, 1500801, 1]
 0000[00] (bBb)[0, 1, 1]
 2003[02] (iB)[11, 1]
 2003[12] (i)[1500800]
 2010[02] (iii)[10000, 5, 777777777]
 2005[03] (iB)[1501990, 0]
 2006[01] (iB)[1501991, 1]
 2006[02] (i)[1503010]
 2004[17] (iiB)[1500100, 10, 0]
 2004[20] (i)[1500100]
 2003[02] (iB)[11807020, 0]
 2003[02] (iB)[11807030, 0]
 2003[02] (iB)[11807040, 0]
 2003[02] (iB)[11807050, 0]
 2000[02] (B)[0]
 1001[00] (f)[3.0]
 2004[05] (iB)[1500800, 0]
 2004[29] (iB)[1500800, 1]
 2004[05] (iB)[1500801, 0]
 2004[29] (iB)[1500801, 1]

11505394, 0
 2000[02] (B)[0]
 0003[00] (bBBi)[1, 0, 0, 11]
 0003[00] (bBBi)[1, 1, 0, 11505392]
 1003[05] (Bb)[1, 0]
 0003[00] (bBBi)[1, 1, 0, 11505391]
 0003[02] (bBii)[1, 1, 10000, 1502996]
 0004[00] (biB)[-1, 1500800, 0]
 0004[00] (biB)[-1, 1500801, 0]
 0000[00] (bBb)[1, 1, -1]
 0000[00] (bBb)[0, 1, 1]
 2010[03] (iB)[1503800, 1]

11505395, 0
 2000[02] (B)[0]
 0003[00] (bBBi)[1, 1, 0, 11]
 0003[00] (bBBi)[1, 1, 0, 11505394]
 0000[00] (bBb)[0, 1, 1]
 2010[03] (iB)[1503800, 0]
 2010[02] (iii)[1502990, 0, 150100002]

11505350, 0
 1003[06] (Bb)[0, 1]
 0004[08] (biiB)[0, 1500800, 100, 1]
 0004[00] (biB)[0, 1500800, 1]
 1000[04] (B)[0]

11505358, 0
 1003[06] (Bb)[0, 1]
 0004[08] (biiB)[0, 1500801, 100, 1]
 0004[00] (biB)[0, 1500801, 1]
 1000[04] (B)[0]

11505351, 2
 1003[02] (BBBi)[0, 1, 0, 11]
 2000[02] (B)[1]
 0003[00] (bBBi)[0, 0, 0, 11505355]
 2004[22] (ihhiffBB)[1500800, 2320, 2, 200, 1.0, 1.0, 0, 0]
 2004[24] (iiii)[1500800, 2320, 56, 56]
 0004[06] (biiib)[0, 1500800, 2320, 0, 5]
 2004[06] (iiB)[1500800, 1300, 0]
 0004[08] (biiB)[0, 1500800, 1204, 1]
 2003[02] (iB)[11505355, 1]
 2004[22] (ihhiffBB)[1500800, 2321, 2, 100, 1.0, 1.0, 0, 0]
 2004[24] (iiii)[1500800, 2321, 56, 56]
 2000[02] (B)[0]
 1001[00] (f)[15.0]
 2000[02] (B)[1]
 2003[02] (iB)[11505355, 0]
 2003[08] (iiB)[11505352, 0, 1]
 2004[23] (iiiB)[1500800, 2321, -1, 0]
 2004[06] (iiB)[1500800, 1303, 0]
 1000[04] (B)[1]

11505352, 2
 1003[02] (BBBi)[0, 1, 0, 11]
 2000[02] (B)[1]
 0003[00] (bBBi)[0, 1, 0, 11505355]
 0003[00] (bBBi)[1, 1, 0, 11505355]
 0004[06] (biiib)[1, 1500800, 2321, 0, 5]
 0000[00] (bBb)[0, 1, 1]
 2003[08] (iiB)[11505351, 0, 1]
 2004[06] (iiB)[1500800, 1301, 0]
 0004[08] (biiB)[0, 1500800, 1203, 1]
 2000[02] (B)[0]
 1001[00] (f)[15.0]
 2000[02] (B)[1]
 2004[06] (iiB)[1500800, 1304, 0]
 2003[02] (iB)[11505355, 0]
 1000[04] (B)[1]

11505356, 2
 1003[02] (BBBi)[0, 1, 0, 11]
 2000[02] (B)[1]
 0003[00] (bBBi)[0, 0, 0, 11505355]
 2004[22] (ihhiffBB)[1500801, 2320, 2, 200, 1.0, 1.0, 0, 0]
 2004[24] (iiii)[1500801, 2320, 56, 56]
 0004[06] (biiib)[0, 1500801, 2320, 0, 5]
 2004[06] (iiB)[1500801, 1300, 0]
 0004[08] (biiB)[0, 1500801, 1204, 1]
 2003[02] (iB)[11505355, 1]
 2004[22] (ihhiffBB)[1500801, 2321, 2, 100, 1.0, 1.0, 0, 0]
 2004[24] (iiii)[1500801, 2321, 56, 56]
 2000[02] (B)[0]
 1001[00] (f)[15.0]
 2000[02] (B)[1]
 2003[02] (iB)[11505355, 0]
 2003[08] (iiB)[11505352, 0, 1]
 2004[23] (iiiB)[1500801, 2321, -1, 0]
 2004[06] (iiB)[1500801, 1303, 0]
 1000[04] (B)[1]

11505357, 2
 1003[02] (BBBi)[0, 1, 0, 11]
 2000[02] (B)[1]
 0003[00] (bBBi)[0, 1, 0, 11505355]
 0003[00] (bBBi)[1, 1, 0, 11505355]
 0004[06] (biiib)[1, 1500801, 2321, 0, 5]
 0000[00] (bBb)[0, 1, 1]
 2003[08] (iiB)[11505351, 0, 1]
 2004[06] (iiB)[1500801, 1301, 0]
 0004[08] (biiB)[0, 1500801, 1203, 1]
 2000[02] (B)[0]
 1001[00] (f)[15.0]
 2000[02] (B)[1]
 2004[06] (iiB)[1500801, 1304, 0]
 2003[02] (iB)[11505355, 0]
 1000[04] (B)[1]

11505353, 0
 0004[08] (biiB)[1, 1500800, 400, 1]
 0004[08] (biiB)[2, 1500800, 300, 1]
 0004[02] (bibf)[3, 1500800, 5, 0.0]
 0000[00] (bBb)[-1, 1, 1]
 0000[00] (bBb)[-1, 1, 2]
 0000[00] (bBb)[-1, 1, 3]
 0000[00] (bBb)[0, 1, -1]
 1000[07] (BBb)[2, 0, 1]
 2011[01] (iB)[1503000, 0]
 1000[03] (B)[1]
 2011[01] (iB)[1503000, 1]
 1000[08] (BBb)[0, 1, 3]
 0004[08] (biiB)[4, 1500800, 400, 0]
 0004[08] (biiB)[4, 1500800, 300, 0]
 0000[00] (bBb)[0, 1, 4]
 1000[04] (B)[1]

11505354, 0
 0004[08] (biiB)[1, 1500801, 400, 1]
 0004[08] (biiB)[2, 1500801, 300, 1]
 0004[02] (bibf)[3, 1500801, 5, 0.0]
 0000[00] (bBb)[-1, 1, 1]
 0000[00] (bBb)[-1, 1, 2]
 0000[00] (bBb)[-1, 1, 3]
 0000[00] (bBb)[0, 1, -1]
 1000[07] (BBb)[2, 0, 1]
 2011[01] (iB)[1503000, 0]
 1000[03] (B)[1]
 2011[01] (iB)[1503000, 1]
 1000[08] (BBb)[0, 1, 3]
 0004[08] (biiB)[4, 1500801, 400, 0]
 0004[08] (biiB)[4, 1500801, 300, 0]
 0000[00] (bBb)[0, 1, 4]
 1000[04] (B)[1]

11500201, 0
 1003[01] (BBBi)[1, 0, 0, 11500200]
 2005[07] (ii)[1501000, 0]
 0003[02] (bBii)[0, 1, 10000, 1502050]
 0003[02] (bBii)[0, 0, 10000, 1502050]
 1000[04] (B)[1]

11500790, 0
 0003[00] (bBBi)[1, 0, 0, 11505050]
 0004[00] (biB)[1, 1500101, 0]
 0003[00] (bBBi)[1, 1, 0, 11502004]
 0000[00] (bBb)[0, 1, 1]
 2003[02] (iB)[11505052, 1]
 1001[00] (f)[5.0]
 2005[03] (iB)[1501800, 1]
 2003[18] (iiBBB)[1501800, 0, 0, 0, 0]
 1001[00] (f)[1.5]
 2011[01] (iB)[1503210, 1]
 1001[00] (f)[3.5]
 1000[09] (f)[10.0]
 1003[01] (BBBi)[2, 1, 0, 11505210]
 2003[02] (iB)[11505220, 1]
 1000[04] (B)[1]
 1003[01] (BBBi)[2, 1, 0, 11505211]
 2003[02] (iB)[11505221, 1]
 1000[04] (B)[1]
 1003[01] (BBBi)[2, 1, 0, 11505212]
 2003[02] (iB)[11505222, 1]
 1000[04] (B)[1]
 1003[01] (BBBi)[1, 1, 0, 11505213]
 2003[02] (iB)[11505223, 1]
 1000[04] (B)[1]

11500791, 1
 1003[01] (BBBi)[2, 0, 1, 0]
 2004[05] (iB)[1500110, 0]
 1000[04] (B)[0]
 2004[05] (iB)[1500110, 0]
 1000[04] (B)[0]
 2004[01] (iB)[1500110, 0]
 0003[02] (bBii)[0, 1, 10000, 1502110]
 2003[02] (iB)[11500791, 1]
 2005[03] (iB)[1501800, 1]
 2003[18] (iiBBB)[1500110, 500, 0, 1, 0]
 2003[18] (iiBBB)[1500110, 603, 0, 1, 0]
 2004[01] (iB)[1500110, 1]
 2005[09] (iiiiifff)[11505200, 1501800, 101, 5050, 1, 1.7, 1.0, 0.0]
 2003[18] (iiBBB)[1501800, 12, 0, 1, 0]
 2005[03] (iB)[1501800, 0]

11500795, 0
 0003[00] (bBBi)[0, 1, 0, 11505220]
 2003[02] (iB)[11505220, 0]
 2003[02] (iB)[11505210, 1]
 2005[03] (iB)[1501800, 0]
 2005[03] (iB)[1501804, 1]
 1003[01] (BBBi)[3, 0, 0, 11500812]
 2000[00] (iIi|iifii)[0, 11500700, 11505200, 1501804, 1, 2.5, 1501812, 11505210]
 0003[00] (bBBi)[0, 0, 0, 11505210]
 1000[04] (B)[1]
 1003[01] (BBBi)[3, 1, 0, 11500803]
 2000[00] (iIi|iifii)[10, 11500700, 11505200, 1501804, 2, 7.5, 1501813, 11505210]
 0003[00] (bBBi)[0, 0, 0, 11505210]
 1000[04] (B)[1]
 1003[01] (BBBi)[3, 0, 0, 11500806]
 2000[00] (iIi|iifii)[20, 11500700, 11505200, 1501804, 3, 7.5, 1501810, 11505210]
 0003[00] (bBBi)[0, 0, 0, 11505210]
 1000[04] (B)[1]
 1003[01] (BBBi)[3, 1, 0, 11500830]
 2000[00] (iIi|iifii)[30, 11500700, 11505200, 1501804, 4, 12.5, 1501811, 11505210]
 0003[00] (bBBi)[0, 0, 0, 11505210]
 1000[04] (B)[1]
 1003[01] (BBBi)[3, 1, 0, 11500821]
 2000[00] (iIi|iiiiiii)[0, 11500750, 11505200, 1501801, 5, 1503200, 1501811, 11505210, 11500821, 1501804]
 0003[00] (bBBi)[0, 0, 0, 11505210]
 1000[04] (B)[1]
 1003[01] (BBBi)[3, 1, 0, 11500822]
 2000[00] (iIi|iiiiiii)[1, 11500750, 11505200, 1501802, 6, 1503201, 1501811, 11505210, 11500822, 1501804]
 0003[00] (bBBi)[0, 0, 0, 11505210]
 1000[04] (B)[1]
 1003[01] (BBBi)[3, 1, 0, 11500823]
 2000[00] (iIi|iiiiiii)[2, 11500750, 11505200, 1501803, 7, 1503202, 1501811, 11505210, 11500823, 1501804]
 0003[00] (bBBi)[0, 0, 0, 11505210]
 1000[04] (B)[1]
 2000[00] (iIi|iifii)[40, 11500700, 11505200, 1501804, 8, 18.5, 1501811, 11505210]
 0003[00] (bBBi)[0, 0, 0, 11505210]
 1000[04] (B)[1]

11500796, 0
 0003[00] (bBBi)[0, 1, 0, 11505221]
 2003[02] (iB)[11505221, 0]
 2003[02] (iB)[11505211, 1]
 2005[03] (iB)[1501800, 0]
 2005[03] (iB)[1501805, 1]
 1003[01] (BBBi)[3, 0, 0, 11500812]
 2000[00] (iIi|iifii)[1, 11500700, 11505201, 1501805, 1, 2.5, 1501812, 11505211]
 0003[00] (bBBi)[0, 0, 0, 11505211]
 1000[04] (B)[1]
 1003[01] (BBBi)[3, 1, 0, 11500803]
 2000[00] (iIi|iifii)[11, 11500700, 11505201, 1501805, 2, 7.5, 1501813, 11505211]
 0003[00] (bBBi)[0, 0, 0, 11505211]
 1000[04] (B)[1]
 1003[01] (BBBi)[3, 0, 0, 11500806]
 2000[00] (iIi|iifii)[21, 11500700, 11505201, 1501805, 3, 7.5, 1501810, 11505211]
 0003[00] (bBBi)[0, 0, 0, 11505211]
 1000[04] (B)[1]
 1003[01] (BBBi)[3, 1, 0, 11500830]
 2000[00] (iIi|iifii)[31, 11500700, 11505201, 1501805, 4, 12.5, 1501811, 11505211]
 0003[00] (bBBi)[0, 0, 0, 11505211]
 1000[04] (B)[1]
 1003[01] (BBBi)[3, 1, 0, 11500821]
 2000[00] (iIi|iiiiiii)[0, 11500750, 11505201, 1501801, 5, 1503200, 1501811, 11505211, 11500821, 1501805]
 0003[00] (bBBi)[0, 0, 0, 11505211]
 1000[04] (B)[1]
 1003[01] (BBBi)[3, 1, 0, 11500822]
 2000[00] (iIi|iiiiiii)[1, 11500750, 11505201, 1501802, 6, 1503201, 1501811, 11505211, 11500822, 1501805]
 0003[00] (bBBi)[0, 0, 0, 11505211]
 1000[04] (B)[1]
 1003[01] (BBBi)[3, 1, 0, 11500823]
 2000[00] (iIi|iiiiiii)[2, 11500750, 11505201, 1501803, 7, 1503202, 1501811, 11505211, 11500823, 1501805]
 0003[00] (bBBi)[0, 0, 0, 11505211]
 1000[04] (B)[1]
 2000[00] (iIi|iifii)[41, 11500700, 11505201, 1501805, 8, 18.5, 1501811, 11505211]
 0003[00] (bBBi)[0, 0, 0, 11505211]
 1000[04] (B)[1]

11500797, 0
 0003[00] (bBBi)[0, 1, 0, 11505222]
 2003[02] (iB)[11505222, 0]
 2003[02] (iB)[11505212, 1]
 2005[03] (iB)[1501800, 0]
 2005[03] (iB)[1501806, 1]
 1003[01] (BBBi)[3, 0, 0, 11500812]
 2000[00] (iIi|iifii)[2, 11500700, 11505202, 1501806, 1, 2.5, 1501812, 11505212]
 0003[00] (bBBi)[0, 0, 0, 11505212]
 1000[04] (B)[1]
 1003[01] (BBBi)[3, 1, 0, 11500803]
 2000[00] (iIi|iifii)[12, 11500700, 11505202, 1501806, 2, 7.5, 1501813, 11505212]
 0003[00] (bBBi)[0, 0, 0, 11505212]
 1000[04] (B)[1]
 1003[01] (BBBi)[3, 0, 0, 11500806]
 2000[00] (iIi|iifii)[22, 11500700, 11505202, 1501806, 3, 7.5, 1501810, 11505212]
 0003[00] (bBBi)[0, 0, 0, 11505212]
 1000[04] (B)[1]
 1003[01] (BBBi)[3, 1, 0, 11500830]
 2000[00] (iIi|iifii)[32, 11500700, 11505202, 1501806, 4, 12.5, 1501811, 11505212]
 0003[00] (bBBi)[0, 0, 0, 11505212]
 1000[04] (B)[1]
 1003[01] (BBBi)[3, 1, 0, 11500821]
 2000[00] (iIi|iiiiiii)[0, 11500750, 11505202, 1501801, 5, 1503200, 1501811, 11505212, 11500821, 1501806]
 0003[00] (bBBi)[0, 0, 0, 11505212]
 1000[04] (B)[1]
 1003[01] (BBBi)[3, 1, 0, 11500822]
 2000[00] (iIi|iiiiiii)[1, 11500750, 11505202, 1501802, 6, 1503201, 1501811, 11505212, 11500822, 1501806]
 0003[00] (bBBi)[0, 0, 0, 11505212]
 1000[04] (B)[1]
 1003[01] (BBBi)[3, 1, 0, 11500823]
 2000[00] (iIi|iiiiiii)[2, 11500750, 11505202, 1501803, 7, 1503202, 1501811, 11505212, 11500823, 1501806]
 0003[00] (bBBi)[0, 0, 0, 11505212]
 1000[04] (B)[1]
 2000[00] (iIi|iifii)[42, 11500700, 11505202, 1501806, 8, 18.5, 1501811, 11505212]
 0003[00] (bBBi)[0, 0, 0, 11505212]
 1000[04] (B)[1]

11500798, 0
 0003[00] (bBBi)[0, 1, 0, 11505223]
 2003[02] (iB)[11505223, 0]
 2003[02] (iB)[11505213, 1]
 2005[03] (iB)[1501800, 0]
 2005[03] (iB)[1501807, 1]
 1003[01] (BBBi)[3, 0, 0, 11500812]
 2000[00] (iIi|iifii)[3, 11500700, 11505203, 1501807, 1, 2.5, 1501812, 11505213]
 0003[00] (bBBi)[0, 0, 0, 11505213]
 1000[04] (B)[1]
 1003[01] (BBBi)[3, 1, 0, 11500803]
 2000[00] (iIi|iifii)[13, 11500700, 11505203, 1501807, 2, 7.5, 1501813, 11505213]
 0003[00] (bBBi)[0, 0, 0, 11505213]
 1000[04] (B)[1]
 1003[01] (BBBi)[3, 0, 0, 11500806]
 2000[00] (iIi|iifii)[23, 11500700, 11505203, 1501807, 3, 7.5, 1501810, 11505213]
 0003[00] (bBBi)[0, 0, 0, 11505213]
 1000[04] (B)[1]
 1003[01] (BBBi)[3, 1, 0, 11500830]
 2000[00] (iIi|iifii)[33, 11500700, 11505203, 1501807, 4, 12.5, 1501811, 11505213]
 0003[00] (bBBi)[0, 0, 0, 11505213]
 1000[04] (B)[1]
 1003[01] (BBBi)[3, 1, 0, 11500821]
 2000[00] (iIi|iiiiiii)[0, 11500750, 11505203, 1501801, 5, 1503200, 1501811, 11505213, 11500821, 1501807]
 0003[00] (bBBi)[0, 0, 0, 11505213]
 1000[04] (B)[1]
 1003[01] (BBBi)[3, 1, 0, 11500822]
 2000[00] (iIi|iiiiiii)[1, 11500750, 11505203, 1501802, 6, 1503201, 1501811, 11505213, 11500822, 1501807]
 0003[00] (bBBi)[0, 0, 0, 11505213]
 1000[04] (B)[1]
 1003[01] (BBBi)[3, 1, 0, 11500823]
 2000[00] (iIi|iiiiiii)[2, 11500750, 11505203, 1501803, 7, 1503202, 1501811, 11505213, 11500823, 1501807]
 0003[00] (bBBi)[0, 0, 0, 11505213]
 1000[04] (B)[1]
 2000[00] (iIi|iifii)[43, 11500700, 11505203, 1501807, 8, 18.5, 1501811, 11505213]
 0003[00] (bBBi)[0, 0, 0, 11505213]
 1000[04] (B)[1]

11500700, 0
 2011[01] (iB)[1503210, 0]
 2003[18] (iiBBB)[0, 1, 0, 0, 0]
    ^(0 <- 16, 4)
 2005[09] (iiiiifff)[0, 0, 101, 5050, 1, 1.7, 0.0, 0.2]
    ^(0 <- 0, 4)
    ^(4 <- 4, 4)
    ^(24 <- 12, 4)
 2003[18] (iiBBB)[0, 0, 0, 1, 0]
    ^(0 <- 4, 4)
    ^(4 <- 8, 4)
 2005[12] (i)[0]
    ^(0 <- 0, 4)
 2005[03] (iB)[0, 0]
    ^(0 <- 4, 4)
 2005[07] (ii)[0, 0]
    ^(0 <- 4, 4)
 2003[02] (iB)[0, 0]
    ^(0 <- 20, 4)

11500750, 0
 2011[01] (iB)[1503210, 0]
 2003[02] (iB)[0, 1]
    ^(0 <- 24, 4)
 2005[03] (iB)[0, 1]
    ^(0 <- 4, 4)
 2005[03] (iB)[0, 0]
    ^(0 <- 28, 4)
 2003[18] (iiBBB)[0, 1, 0, 0, 0]
    ^(0 <- 16, 4)
 2005[09] (iiiiifff)[0, 0, 101, 5050, 1, 1.7, 12.5, 0.2]
    ^(0 <- 0, 4)
    ^(4 <- 4, 4)
 2003[18] (iiBBB)[0, 0, 0, 1, 0]
    ^(0 <- 4, 4)
    ^(4 <- 8, 4)
 2011[01] (iB)[0, 1]
    ^(0 <- 12, 4)
 2005[12] (i)[0]
    ^(0 <- 0, 4)
 2003[02] (iB)[0, 0]
    ^(0 <- 20, 4)

11500830, 0
 0003[02] (bBii)[0, 1, 10000, 1502810]
 2003[02] (iB)[11500830, 1]

11500831, 0
 2000[02] (B)[0]
 0003[00] (bBBi)[1, 1, 0, 11500751]
 0003[02] (bBii)[1, 1, 10000, 1502811]
 0003[00] (bBBi)[2, 1, 0, 11500752]
 0003[02] (bBii)[2, 1, 10000, 1502812]
 0000[00] (bBb)[-1, 1, 1]
 0000[00] (bBb)[-1, 1, 2]
 0000[00] (bBb)[0, 1, -1]
 2004[04] (iB)[10000, 0]

11500850, 0
 2003[02] (iB)[11505250, 0]
 0003[00] (bBBi)[1, 0, 0, 11505250]
 0003[05] (biifhfiBi)[1, 0, 1501790, 60.0, 104, 1.5, 10010502, 255, 0]
 0003[00] (bBBi)[2, 0, 0, 11505250]
 0003[05] (biifhfiBi)[2, 0, 1501790, 60.0, 102, 1.5, 10010502, 255, 0]
 0000[00] (bBb)[-1, 1, 1]
 0000[00] (bBb)[-1, 1, 2]
 0000[00] (bBb)[0, 1, -1]
 0003[04] (bBiB)[3, 3, 2007, 1]
 1000[01] (BBb)[3, 1, 3]
 2007[01] (ihhif)[10010160, 1, 6, 1501790, 3.0]
 1001[00] (f)[3.0]
 1000[04] (B)[1]
 1000[09] (f)[3.0]
 2003[02] (iB)[11505250, 1]
 2003[02] (iB)[11505251, 0]
 2003[02] (iB)[11505252, 0]
 1000[07] (BBb)[23, 0, 1]
 2004[41] (iBii)[10000, 0, 1501790, 101]
 2003[18] (iiBBB)[10000, 8020, 0, 0, 0]
 2006[03] (iiii)[0, 1501790, -1, 150001]
 1003[01] (BBBi)[4, 0, 0, 11500812]
 2003[02] (iB)[11500812, 0]
 2003[02] (iB)[11500803, 0]
 2003[18] (iiBBB)[1501790, 3, 0, 1, 0]
 1000[04] (B)[1]
 1003[01] (BBBi)[4, 0, 0, 11500809]
 2003[02] (iB)[11500809, 0]
 2003[02] (iB)[11500812, 1]
 2003[18] (iiBBB)[1501790, 2, 0, 1, 0]
 1000[04] (B)[1]
 1003[01] (BBBi)[4, 0, 0, 11500806]
 2003[02] (iB)[11500806, 0]
 2003[02] (iB)[11500809, 1]
 2003[18] (iiBBB)[1501790, 1, 0, 1, 0]
 1000[04] (B)[1]
 1003[01] (BBBi)[4, 1, 0, 11500803]
 2003[02] (iB)[11500803, 1]
 2003[02] (iB)[11500806, 1]
 2003[18] (iiBBB)[1501790, 0, 0, 1, 0]
 1000[04] (B)[1]
 1000[08] (BBb)[1, 0, 2]
 2004[41] (iBii)[10000, 0, 1501790, 103]
 2003[18] (iiBBB)[10000, 8021, 0, 0, 0]
 2006[03] (iiii)[0, 1501790, -1, 150001]
 1003[01] (BBBi)[4, 0, 0, 11500812]
 2003[02] (iB)[11500812, 0]
 2003[02] (iB)[11500809, 1]
 2003[18] (iiBBB)[1501790, 5, 0, 1, 0]
 1000[04] (B)[1]
 1003[01] (BBBi)[4, 1, 0, 11500803]
 2003[02] (iB)[11500803, 1]
 2003[02] (iB)[11500812, 1]
 2003[18] (iiBBB)[1501790, 4, 0, 1, 0]
 1000[04] (B)[1]
 1003[01] (BBBi)[4, 0, 0, 11500806]
 2003[02] (iB)[11500806, 0]
 2003[02] (iB)[11500803, 0]
 2003[18] (iiBBB)[1501790, 7, 0, 1, 0]
 1000[04] (B)[1]
 1003[01] (BBBi)[4, 0, 0, 11500809]
 2003[02] (iB)[11500809, 0]
 2003[02] (iB)[11500806, 1]
 2003[18] (iiBBB)[1501790, 6, 0, 1, 0]
 1000[04] (B)[1]
 2003[02] (iB)[11500802, 1]
 1000[04] (B)[1]

11505255, 0
 0003[00] (bBBi)[1, 0, 0, 11505250]
 0003[00] (bBBi)[1, 0, 0, 11505251]
 0003[00] (bBBi)[1, 0, 0, 11500809]
 0001[00] (bf)[1, 2.0]
 0003[02] (bBii)[1, 1, 10000, 1502800]
 0003[00] (bBBi)[2, 0, 0, 11505250]
 0003[00] (bBBi)[2, 0, 0, 11505252]
 0003[00] (bBBi)[2, 1, 0, 11500803]
 0001[00] (bf)[2, 2.0]
 0003[02] (bBii)[2, 1, 10000, 1502801]
 0000[00] (bBb)[-1, 1, 1]
 0000[00] (bBb)[-1, 1, 2]
 0000[00] (bBb)[0, 1, -1]
 1000[09] (f)[3.0]
 2003[02] (iB)[11505250, 1]
 1000[07] (BBb)[19, 1, 2]
 2003[02] (iB)[11505251, 1]
 2003[02] (iB)[11505252, 0]
 1003[01] (BBBi)[5, 1, 0, 11500803]
 2006[03] (iiii)[0, 1501790, -1, 150001]
 2003[02] (iB)[11500803, 1]
 2003[02] (iB)[11500809, 1]
 2003[18] (iiBBB)[1501790, 0, 0, 1, 0]
 2003[18] (iiBBB)[1501790, 1, 0, 1, 0]
 1003[01] (BBBi)[4, 0, 0, 11500806]
 2006[03] (iiii)[0, 1501790, -1, 150001]
 2003[02] (iB)[11500806, 0]
 2003[02] (iB)[11500809, 1]
 2003[18] (iiBBB)[1501790, 1, 0, 1, 0]
 1003[01] (BBBi)[4, 0, 0, 11500812]
 2006[03] (iiii)[0, 1501790, -1, 150001]
 2003[02] (iB)[11500812, 0]
 2003[02] (iB)[11500809, 1]
 2003[18] (iiBBB)[1501790, 5, 0, 1, 0]
 1000[03] (B)[18]
 2003[02] (iB)[11505251, 0]
 2003[02] (iB)[11505252, 1]
 1003[01] (BBBi)[5, 0, 0, 11500809]
 2006[03] (iiii)[0, 1501790, -1, 150001]
 2003[02] (iB)[11500809, 0]
 2003[02] (iB)[11500803, 0]
 2003[18] (iiBBB)[1501790, 6, 0, 1, 0]
 2003[18] (iiBBB)[1501790, 7, 0, 1, 0]
 1003[01] (BBBi)[4, 0, 0, 11500806]
 2006[03] (iiii)[0, 1501790, -1, 150001]
 2003[02] (iB)[11500806, 0]
 2003[02] (iB)[11500803, 0]
 2003[18] (iiBBB)[1501790, 7, 0, 1, 0]
 1003[01] (BBBi)[4, 0, 0, 11500812]
 2006[03] (iiii)[0, 1501790, -1, 150001]
 2003[02] (iB)[11500812, 0]
 2003[02] (iB)[11500803, 0]
 2003[18] (iiBBB)[1501790, 3, 0, 1, 0]
 2003[02] (iB)[11505250, 0]
 1000[04] (B)[1]

11500840, 0
 0003[00] (bBBi)[0, 1, 0, 11505240]
 2003[02] (iB)[11505240, 1]
 0003[00] (bBBi)[0, 0, 0, 11505240]
 1000[04] (B)[1]

11500841, 0
 0003[06] (bb)[1, 0]
 0003[00] (bBBi)[1, 1, 0, 11505240]
 0003[00] (bBBi)[1, 0, 0, 0]
    ^(4 <- 0, 4)
 0003[06] (bb)[2, 0]
 0003[00] (bBBi)[2, 1, 0, 11505240]
 0003[00] (bBBi)[2, 1, 0, 0]
    ^(4 <- 0, 4)
 0000[00] (bBb)[-1, 1, 1]
 0000[00] (bBb)[-1, 1, 2]
 0000[00] (bBb)[0, 1, -1]
 2003[02] (iB)[11505240, 0]
 1000[07] (BBb)[2, 1, 2]
 2003[02] (iB)[0, 0]
    ^(0 <- 0, 4)
 1000[03] (B)[1]
 2003[02] (iB)[0, 1]
    ^(0 <- 0, 4)
 1000[04] (B)[1]

11500835, 0
 1003[06] (Bb)[0, 0]
 1001[01] (i)[10]
 2003[02] (iB)[11505360, 1]
 0003[00] (bBBi)[1, 1, 0, 11505250]
 0003[00] (bBBi)[2, 0, 0, 11505250]
 0000[00] (bBb)[-1, 1, 1]
 0000[00] (bBb)[-1, 1, 2]
 0000[00] (bBb)[0, 1, -1]
 1000[07] (BBb)[1, 1, 2]
 1001[00] (f)[3.0]
 1003[01] (BBBi)[1, 1, 0, 11500803]
 2005[07] (ii)[1501790, 3]
 1003[01] (BBBi)[1, 0, 0, 11500806]
 2005[07] (ii)[1501790, 0]
 1003[01] (BBBi)[1, 0, 0, 11500809]
 2005[07] (ii)[1501790, 1]
 1003[01] (BBBi)[1, 0, 0, 11500812]
 2005[07] (ii)[1501790, 2]

11500100, 0
 0003[00] (bBBi)[1, 0, 1, 0]
 0003[02] (bBii)[1, 1, 10000, 1502060]
 0003[00] (bBBi)[2, 1, 1, 0]
 0003[00] (bBBi)[2, 0, 0, 11500101]
 0003[02] (bBii)[2, 1, 10000, 1502061]
 0003[00] (bBBi)[3, 1, 1, 0]
 0003[00] (bBBi)[3, 0, 0, 11500101]
 0003[02] (bBii)[3, 1, 10000, 1502062]
 0003[00] (bBBi)[4, 1, 1, 0]
 0003[00] (bBBi)[4, 1, 0, 11500101]
 0003[02] (bBii)[4, 1, 10000, 1502060]
 0003[00] (bBBi)[5, 1, 1, 0]
 0003[00] (bBBi)[5, 1, 0, 11500101]
 0003[02] (bBii)[5, 1, 10000, 1502063]
 0000[00] (bBb)[-1, 1, 1]
 0000[00] (bBb)[-1, 1, 2]
 0000[00] (bBb)[-1, 1, 3]
 0000[00] (bBb)[-1, 1, 4]
 0000[00] (bBb)[-1, 1, 5]
 0000[00] (bBb)[0, 1, -1]
 1000[09] (f)[3.0]
 2003[13] (iIB)[1503100, 1, 0]
 2003[13] (iIB)[1503101, 1, 0]
 2003[13] (iIB)[1503102, 1, 0]
 2003[13] (iIB)[1503103, 1, 0]
 1000[07] (BBb)[16, 0, 1]
 2003[02] (iB)[11500100, 1]
 2003[18] (iiBBB)[1501011, 0, 0, 1, 0]
 2003[13] (iIB)[1503100, 1, 1]
 2003[13] (iIB)[1503101, 1, 1]
 2003[13] (iIB)[1503102, 1, 1]
 2003[13] (iIB)[1503103, 1, 1]
 2003[13] (iIB)[1503100, 8, 0]
 2003[13] (iIB)[1503110, 32, 0]
 2003[13] (iIB)[1503101, 32, 0]
 2003[13] (iIB)[1503111, 8, 0]
 2003[13] (iIB)[1503102, 32, 0]
 2003[13] (iIB)[1503112, 8, 0]
 2003[13] (iIB)[1503103, 8, 0]
 2003[13] (iIB)[1503113, 32, 0]
 0003[07] (bBi)[0, 0, 1502062]
 1000[04] (B)[1]
 1000[07] (BBb)[27, 1, 4]
 1000[07] (BBb)[26, 1, 5]
 2003[02] (iB)[11500101, 1]
 2003[13] (iIB)[1503100, 8, 1]
 2003[13] (iIB)[1503110, 32, 1]
 2003[13] (iIB)[1503101, 32, 1]
 2003[13] (iIB)[1503111, 8, 1]
 2003[13] (iIB)[1503102, 32, 1]
 2003[13] (iIB)[1503112, 8, 1]
 2003[13] (iIB)[1503103, 8, 1]
 2003[13] (iIB)[1503113, 32, 1]
 2003[18] (iiBBB)[1501011, 1, 0, 1, 0]
 2003[13] (iIB)[1503100, 1, 1]
 2003[13] (iIB)[1503101, 1, 1]
 2003[13] (iIB)[1503102, 1, 1]
 2003[13] (iIB)[1503103, 1, 1]
 2003[13] (iIB)[1503100, 32, 0]
 2003[13] (iIB)[1503110, 8, 0]
 2003[13] (iIB)[1503101, 8, 0]
 2003[13] (iIB)[1503111, 32, 0]
 2003[13] (iIB)[1503102, 8, 0]
 2003[13] (iIB)[1503112, 32, 0]
 2003[13] (iIB)[1503103, 32, 0]
 2003[13] (iIB)[1503113, 8, 0]
 0003[07] (bBi)[6, 0, 1502060]
 0003[07] (bBi)[6, 0, 1502063]
 0000[00] (bBb)[0, 1, 6]
 1000[04] (B)[1]
 2003[02] (iB)[11500101, 0]
 2003[13] (iIB)[1503100, 32, 1]
 2003[13] (iIB)[1503110, 8, 1]
 2003[13] (iIB)[1503101, 8, 1]
 2003[13] (iIB)[1503111, 32, 1]
 2003[13] (iIB)[1503102, 8, 1]
 2003[13] (iIB)[1503112, 32, 1]
 2003[13] (iIB)[1503103, 32, 1]
 2003[13] (iIB)[1503113, 8, 1]
 2003[18] (iiBBB)[1501011, 2, 0, 1, 0]
 2003[13] (iIB)[1503100, 1, 1]
 2003[13] (iIB)[1503101, 1, 1]
 2003[13] (iIB)[1503102, 1, 1]
 2003[13] (iIB)[1503103, 1, 1]
 2003[13] (iIB)[1503100, 8, 0]
 2003[13] (iIB)[1503110, 32, 0]
 2003[13] (iIB)[1503101, 32, 0]
 2003[13] (iIB)[1503111, 8, 0]
 2003[13] (iIB)[1503102, 32, 0]
 2003[13] (iIB)[1503112, 8, 0]
 2003[13] (iIB)[1503103, 8, 0]
 2003[13] (iIB)[1503113, 32, 0]
 0003[07] (bBi)[7, 0, 1502061]
 0003[07] (bBi)[7, 0, 1502062]
 0000[00] (bBb)[0, 1, 7]
 1000[04] (B)[1]

11500102, 0
 1003[01] (BBBi)[4, 0, 1, 0]
 1003[01] (BBBi)[1, 1, 0, 11500100]
 2005[07] (ii)[1501011, 20]
 1000[04] (B)[0]
 0003[00] (bBBi)[1, 0, 1, 0]
 0003[04] (bBiB)[1, 3, 2003, 1]
 0003[05] (biifhfiBi)[1, 0, 1501011, 60.0, 105, 2.0, 10010400, 48, 0]
 0000[00] (bBb)[0, 1, 1]
 2004[41] (iBii)[10000, 0, 1501011, 120]
 2003[18] (iiBBB)[10000, 7111, 0, 0, 0]
 2003[18] (iiBBB)[1501011, 10, 0, 0, 0]
 1003[06] (Bb)[0, 1]
 2007[01] (ihhif)[10010862, 0, 6, -1, 3.0]

11500103, 0
 2000[02] (B)[0]
 0003[00] (bBBi)[1, 0, 0, 11500102]
 0003[04] (bBiB)[1, 3, 2003, 0]
 0003[05] (biifhfiBi)[1, 0, 1501011, 60.0, 105, 2.0, 10010400, 255, 0]
 0000[00] (bBb)[0, 1, 1]
 2007[01] (ihhif)[10010163, 0, 6, -1, 3.0]
 1000[04] (B)[1]

11500106, 0
 2000[02] (B)[0]
 0003[00] (bBBi)[1, 0, 0, 11500105]
 0003[05] (biifhfiBi)[1, 0, 1501001, 60.0, 101, 1.5, 10010400, 255, 0]
 0000[00] (bBb)[0, 1, 1]
 2007[01] (ihhif)[10010161, 1, 6, 1501001, 3.0]
 1000[04] (B)[1]

11500107, 0
 1003[01] (BBBi)[2, 0, 1, 0]
 2005[07] (ii)[1501001, 0]
 1000[04] (B)[0]
 0003[00] (bBBi)[1, 0, 0, 11500105]
 0003[05] (biifhfiBi)[1, 0, 1501001, 60.0, 100, 1.5, 10010400, 255, 0]
 0000[00] (bBb)[0, 1, 1]
 2003[02] (iB)[11500105, 1]
 2004[41] (iBii)[10000, 0, 1501001, 120]
 2003[18] (iiBBB)[10000, 7112, 0, 0, 0]
 2003[18] (iiBBB)[1501001, 0, 0, 0, 0]

11500110, 0
 1003[01] (BBBi)[3, 0, 2, 0]
 2005[07] (ii)[0, 0]
    ^(0 <- 0, 4)
 2005[06] (iiB)[0, -1, 0]
    ^(0 <- 0, 4)
 1000[04] (B)[0]
 0005[02] (bi)[0, 0]
    ^(4 <- 4, 4)
 2003[02] (iB)[0, 1]
    ^(0 <- 4, 4)
 1003[06] (Bb)[0, 1]
 0003[04] (bBiB)[1, 3, 2003, 1]
 1000[01] (BBb)[2, 1, 1]
 2007[01] (ihhif)[10010883, 0, 6, 0, 3.0]
    ^(8 <- 0, 4)
 1000[03] (B)[1]
 2007[01] (ihhif)[10010862, 0, 6, 0, 3.0]
    ^(8 <- 0, 4)

11505270, 0
 1003[01] (BBBi)[2, 0, 0, 0]
    ^(4 <- 20, 4)
 2005[07] (ii)[0, 0]
    ^(0 <- 4, 4)
 1000[03] (B)[12]
 0003[02] (bBii)[-1, 1, 10000, 0]
    ^(8 <- 0, 4)
 0005[01] (bii)[-1, 0, -1]
    ^(4 <- 4, 4)
 0000[00] (bBb)[0, 1, -1]
 2003[02] (iB)[0, 1]
    ^(0 <- 20, 4)
 2006[03] (iiii)[0, 0, 101, 150005]
    ^(4 <- 4, 4)
 2006[01] (iB)[0, 0]
    ^(0 <- 8, 4)
 2003[18] (iiBBB)[0, 0, 0, 1, 0]
    ^(0 <- 4, 4)
 1000[05] (Bbii)[5, 0, 0, 11505284]
    ^(4 <- 20, 4)
 2003[05] (iiiiiii)[1500200, 0, 101, 5070, 0, 0, 0]
    ^(4 <- 12, 4)
    ^(20 <- 16, 4)
 1001[00] (f)[0.699999988079071]
 2003[05] (iiiiiii)[1500200, 0, 101, 5070, 0, 0, 0]
    ^(4 <- 12, 4)
    ^(20 <- 16, 4)
 1001[00] (f)[0.699999988079071]
 2003[05] (iiiiiii)[1500200, 0, 101, 5070, 0, 0, 0]
    ^(4 <- 12, 4)
    ^(20 <- 16, 4)
 0003[10] (bBiibi)[0, 0, 11505280, 11505285, 4, 2]
 2003[02] (iB)[0, 0]
    ^(0 <- 20, 4)
 2003[18] (iiBBB)[0, 1, 0, 1, 0]
    ^(0 <- 4, 4)
 1000[04] (B)[1]

11505260, 0
 0003[00] (bBBi)[0, 1, 0, 11505284]
 1001[00] (f)[0.699999988079071]
 2003[05] (iiiiiii)[1500200, 1501214, 101, 5070, 0, 180, 0]
 2003[05] (iiiiiii)[1500200, 1501215, 101, 5070, 0, 180, 0]
 2003[05] (iiiiiii)[1500200, 1501216, 101, 5070, 0, 180, 0]
 2003[05] (iiiiiii)[1500200, 1501217, 101, 5070, 0, 180, 0]
 1001[00] (f)[0.699999988079071]
 2003[05] (iiiiiii)[1500200, 1501214, 101, 5070, 0, 180, 0]
 2003[05] (iiiiiii)[1500200, 1501215, 101, 5070, 0, 180, 0]
 2003[05] (iiiiiii)[1500200, 1501216, 101, 5070, 0, 180, 0]
 2003[05] (iiiiiii)[1500200, 1501217, 101, 5070, 0, 180, 0]
 1001[00] (f)[0.699999988079071]
 2003[05] (iiiiiii)[1500200, 1501214, 101, 5070, 0, 180, 0]
 2003[05] (iiiiiii)[1500200, 1501215, 101, 5070, 0, 180, 0]
 2003[05] (iiiiiii)[1500200, 1501216, 101, 5070, 0, 180, 0]
 2003[05] (iiiiiii)[1500200, 1501217, 101, 5070, 0, 180, 0]
 0003[00] (bBBi)[0, 0, 0, 11505284]
 1000[04] (B)[1]

11505050, 1
 1003[02] (BBBi)[0, 1, 1, 0]
 2004[01] (iB)[1500101, 0]
 2004[15] (iB)[1500101, 1]
 0003[00] (bBBi)[1, 1, 0, 11502004]
 0004[01] (bii)[1, 1500101, 10000]
 0000[00] (bBb)[0, 1, 1]
 2003[02] (iB)[11505050, 1]
 2004[15] (iB)[1500101, 0]
 0003[00] (bBBi)[0, 0, 0, 11505052]
 2004[01] (iB)[1500101, 1]

11505051, 1
 0003[00] (bBBi)[1, 1, 0, 11505050]
 0003[00] (bBBi)[2, 1, 0, 11505052]
 0000[00] (bBb)[-1, 1, 1]
 0000[00] (bBb)[-1, 1, 2]
 0000[00] (bBb)[0, 1, -1]
 1000[08] (BBb)[0, 1, 1]
 2004[41] (iBii)[1500101, 1, 1502100, -1]
 2003[18] (iiBBB)[1500101, 9001, 0, 1, 0]
 2003[02] (iB)[11505052, 0]
 1000[04] (B)[1]

11505055, 1
 1003[05] (Bb)[1, 1]
 2004[28] (ii)[1500100, 4095]
 0005[00] (bBi)[1, 1, 1501100]
 0005[00] (bBi)[1, 1, 1501101]
 0005[00] (bBi)[1, 1, 1501102]
 0005[00] (bBi)[1, 1, 1501103]
 0005[00] (bBi)[1, 1, 1501104]
 0005[00] (bBi)[1, 1, 1501105]
 0005[00] (bBi)[1, 1, 1501106]
 0005[00] (bBi)[1, 1, 1501107]
 0005[00] (bBi)[1, 1, 1501108]
 0000[00] (bBb)[0, 1, 1]
 2004[17] (iiB)[1500100, 20, 1]
 2004[20] (i)[1500100]

11505110, 0
 0003[00] (bBBi)[1, 1, 0, 11505100]
 0003[00] (bBBi)[2, 1, 0, 11505100]
 0003[00] (bBBi)[3, 1, 0, 11505100]
 0003[00] (bBBi)[4, 1, 0, 11505100]
 0003[00] (bBBi)[5, 1, 0, 11505100]
 0003[00] (bBBi)[6, 1, 0, 11505100]
 0003[00] (bBBi)[7, 1, 0, 11505100]
 0003[00] (bBBi)[1, 1, 0, 11505111]
 0003[00] (bBBi)[2, 1, 0, 11505112]
 0003[00] (bBBi)[3, 1, 0, 11505113]
 0003[00] (bBBi)[4, 1, 0, 11505114]
 0003[00] (bBBi)[5, 1, 0, 11505115]
 0003[00] (bBBi)[6, 1, 0, 11505116]
 0003[01] (bBBii)[7, 1, 0, 11505111, 11505116]
 0000[00] (bBb)[-1, 1, 1]
 0000[00] (bBb)[-1, 1, 2]
 0000[00] (bBb)[-1, 1, 3]
 0000[00] (bBb)[-1, 1, 4]
 0000[00] (bBb)[-1, 1, 5]
 0000[00] (bBb)[-1, 1, 6]
 0000[00] (bBb)[-1, 1, 7]
 0000[00] (bBb)[0, 1, -1]
 1000[07] (BBb)[8, 0, 6]
 2003[05] (iiiiiii)[1500200, 1500100, 50, 5305, 0, 0, 0]
 2003[22] (iiB)[11505111, 11505116, 0]
 2004[17] (iiB)[1500100, -1, 2]
 2003[02] (iB)[11505105, 0]
 2003[08] (iiB)[11505102, 0, 1]
 1001[00] (f)[1.0]
 2003[02] (iB)[11505100, 0]
 1000[04] (B)[1]
 1000[07] (BBb)[8, 0, 5]
 2003[05] (iiiiiii)[1500200, 1500100, 50, 5304, 0, 0, 0]
 2003[22] (iiB)[11505111, 11505116, 0]
 2004[17] (iiB)[1500100, -1, 2]
 2003[02] (iB)[11505105, 0]
 2003[08] (iiB)[11505102, 0, 1]
 1001[00] (f)[1.0]
 2003[02] (iB)[11505100, 0]
 1000[04] (B)[1]
 1000[07] (BBb)[8, 0, 4]
 2003[05] (iiiiiii)[1500200, 1500100, 50, 5303, 0, 0, 0]
 2003[22] (iiB)[11505111, 11505116, 0]
 2004[17] (iiB)[1500100, -1, 2]
 2003[02] (iB)[11505105, 0]
 2003[08] (iiB)[11505102, 0, 1]
 1001[00] (f)[1.0]
 2003[02] (iB)[11505100, 0]
 1000[04] (B)[1]
 1000[07] (BBb)[8, 0, 3]
 2003[05] (iiiiiii)[1500200, 1500100, 50, 5302, 0, 0, 0]
 2003[22] (iiB)[11505111, 11505116, 0]
 2004[17] (iiB)[1500100, -1, 2]
 2003[02] (iB)[11505105, 0]
 2003[08] (iiB)[11505102, 0, 1]
 1001[00] (f)[1.0]
 2003[02] (iB)[11505100, 0]
 1000[04] (B)[1]
 1000[07] (BBb)[8, 0, 2]
 2003[05] (iiiiiii)[1500200, 1500100, 50, 5301, 0, 0, 0]
 2003[22] (iiB)[11505111, 11505116, 0]
 2004[17] (iiB)[1500100, -1, 2]
 2003[02] (iB)[11505105, 0]
 2003[08] (iiB)[11505102, 0, 1]
 1001[00] (f)[1.0]
 2003[02] (iB)[11505100, 0]
 1000[04] (B)[1]
 1000[07] (BBb)[8, 0, 1]
 2003[05] (iiiiiii)[1500200, 1500100, 50, 5300, 0, 0, 0]
 2003[22] (iiB)[11505111, 11505116, 0]
 2004[17] (iiB)[1500100, -1, 2]
 2003[02] (iB)[11505105, 0]
 2003[08] (iiB)[11505102, 0, 1]
 1001[00] (f)[1.0]
 2003[02] (iB)[11505100, 0]
 1000[04] (B)[1]
 2003[05] (iiiiiii)[1500200, 1500100, 50, 5304, 0, 0, 0]
 2003[22] (iiB)[11505111, 11505116, 0]
 2004[17] (iiB)[1500100, -1, 2]
 2003[02] (iB)[11505105, 0]
 2003[08] (iiB)[11505102, 0, 1]
 1001[00] (f)[1.0]
 2003[02] (iB)[11505100, 0]
 1000[04] (B)[1]

11505111, 0
 0003[00] (bBBi)[1, 0, 0, 11505100]
 0003[00] (bBBi)[1, 0, 0, 11505105]
 0001[00] (bf)[1, 2.0]
 0003[00] (bBBi)[1, 0, 0, 0]
    ^(4 <- 0, 4)
 0003[02] (bBii)[1, 1, 10000, 0]
    ^(8 <- 4, 4)
 1000[05] (Bbii)[1, 4, 0, 11505112]
    ^(4 <- 0, 4)
 0003[07] (bBi)[1, 0, 1502701]
 1000[05] (Bbii)[1, 4, 0, 11505113]
    ^(4 <- 0, 4)
 0003[07] (bBi)[1, 0, 1502702]
 1000[05] (Bbii)[1, 4, 0, 11505114]
    ^(4 <- 0, 4)
 0003[07] (bBi)[1, 0, 1502703]
 1000[05] (Bbii)[1, 4, 0, 11505115]
    ^(4 <- 0, 4)
 0003[07] (bBi)[1, 0, 1502704]
 1000[05] (Bbii)[1, 4, 0, 11505116]
    ^(4 <- 0, 4)
 0003[07] (bBi)[1, 0, 1502705]
 1000[05] (Bbii)[1, 4, 0, 11505117]
    ^(4 <- 0, 4)
 0003[07] (bBi)[1, 0, 1502710]
 0000[00] (bBb)[0, 1, 1]
 2003[22] (iiB)[11505111, 11505116, 0]
 2003[02] (iB)[0, 1]
    ^(0 <- 0, 4)
 2004[17] (iiB)[1500100, 0, 2]
    ^(4 <- 8, 4)
 1000[04] (B)[1]

11505101, 0
 0003[00] (bBBi)[0, 1, 0, 11505105]
 2003[02] (iB)[11505105, 1]
 0003[00] (bBBi)[0, 0, 0, 11505105]
 2003[02] (iB)[11505105, 0]
 2003[02] (iB)[11505100, 0]
 1000[04] (B)[1]

11505102, 0
 2000[02] (B)[0]
 0003[00] (bBBi)[0, 1, 0, 11505105]
 1001[00] (f)[30.0]
 2003[02] (iB)[11505105, 0]
 2003[02] (iB)[11505100, 0]
 1000[04] (B)[1]

11505060, 1
 0004[08] (biiB)[0, 0, 500, 1]
    ^(4 <- 0, 4)
 2004[06] (iiB)[0, 1500, 0]
    ^(0 <- 0, 4)
 0004[08] (biiB)[0, 0, 500, 0]
    ^(4 <- 0, 4)
 1000[04] (B)[1]

11505070, 1
 2000[02] (B)[0]
 0004[08] (biiB)[0, 0, 1400, 1]
    ^(4 <- 0, 4)
 1001[00] (f)[10.0]
 2004[06] (iiB)[0, 1501, 0]
    ^(0 <- 0, 4)
 1000[04] (B)[1]

11505080, 1
 1003[01] (BBBi)[2, 0, 1, 0]
 2004[09] (iiiiii)[1500122, -1, -1, -1, -1, -1]
 1000[04] (B)[0]
 0004[01] (bii)[-1, 1500122, 10000]
 0004[02] (bibf)[-1, 1500122, 1, 1.0]
 0000[00] (bBb)[0, 1, -1]
 2004[09] (iiiiii)[1500122, -1, -1, -1, -1, -1]
 2003[18] (iiBBB)[1500122, 2000, 0, 0, 0]

11505010, 1
 0004[00] (biB)[1, 1500010, 0]
 0004[07] (biB)[1, 1500010, 1]
 0004[05] (biiB)[1, 1500010, 5421, 1]
 0004[03] (bib)[2, 10000, 2]
 0000[00] (bBb)[1, 0, 2]
 0003[05] (biifhfiBi)[1, 2, 1500010, 45.0, 7, 1.2, 10010400, 255, 0]
 0000[00] (bBb)[0, 1, 1]
 2004[42] (iBiii)[10000, 2, 1500010, 100, 1500010]
 2003[18] (iiBBB)[10000, 7521, 0, 0, 0]
 2004[17] (iiB)[1500010, 10, 0]
 2004[20] (i)[1500010]
 1001[00] (f)[0.1]
 2004[17] (iiB)[1500010, -1, 0]
 1000[04] (B)[1]

11505011, 1
 0004[05] (biiB)[1, 1500010, 5420, 0]
 0004[01] (bii)[1, 1500010, 10000]
 0000[00] (bBb)[0, 1, 1]
 2004[21] (ii)[1500010, 3150]
 2004[21] (ii)[1500010, 3151]
 0004[07] (biB)[7, 1500010, 0]
 1000[02] (BBb)[1, 1, 7]
 0004[05] (biiB)[2, 1500010, 5421, 1]
 1000[01] (BBb)[1, 0, 2]
 2003[18] (iiBBB)[1500010, 3001, 0, 1, 0]
 0004[05] (biiB)[3, 1500010, 5422, 1]
 1000[01] (BBb)[1, 0, 3]
 2003[18] (iiBBB)[1500010, 3001, 0, 1, 0]
 0004[05] (biiB)[4, 1500010, 5423, 1]
 1000[01] (BBb)[1, 0, 4]
 2003[18] (iiBBB)[1500010, 3001, 0, 1, 0]
 0004[05] (biiB)[5, 1500010, 5424, 1]
 1000[01] (BBb)[1, 0, 5]
 2003[18] (iiBBB)[1500010, 3006, 0, 1, 0]
 2004[20] (i)[1500010]
 2004[21] (ii)[1500010, 3150]
 2004[21] (ii)[1500010, 3151]
 1000[04] (B)[1]

11505012, 1
 0004[05] (biiB)[1, 1500010, 5421, 1]
 0004[05] (biiB)[1, 1500010, 3150, 1]
 0004[05] (biiB)[2, 1500010, 5420, 1]
 0004[05] (biiB)[2, 1500010, 3150, 1]
 0000[00] (bBb)[-1, 1, 1]
 0000[00] (bBb)[-1, 1, 2]
 0000[00] (bBb)[0, 1, -1]
 1000[07] (BBb)[5, 1, 2]
 2004[17] (iiB)[1500010, 200, 0]
 2004[20] (i)[1500010]
 1001[00] (f)[0.1]
 2004[17] (iiB)[1500010, -1, 0]
 1000[03] (B)[4]
 2004[17] (iiB)[1500010, 210, 0]
 2004[20] (i)[1500010]
 1001[00] (f)[0.1]
 2004[17] (iiB)[1500010, -1, 0]
 0004[05] (biiB)[-2, 1500010, 5420, 1]
 0004[05] (biiB)[-2, 1500010, 5421, 1]
 0000[00] (bBb)[0, 1, -2]
 1000[04] (B)[1]

11505013, 1
 0004[05] (biiB)[1, 1500010, 5422, 1]
 0004[05] (biiB)[1, 1500010, 3150, 0]
 0004[05] (biiB)[2, 1500010, 5423, 1]
 0004[05] (biiB)[2, 1500010, 3150, 0]
 0000[00] (bBb)[-1, 1, 1]
 0000[00] (bBb)[-1, 1, 2]
 0000[00] (bBb)[0, 1, -1]
 2004[21] (ii)[1500010, 3150]
 2004[21] (ii)[1500010, 3151]
 1000[07] (BBb)[5, 1, 2]
 2004[17] (iiB)[1500010, 201, 0]
 2004[20] (i)[1500010]
 1001[00] (f)[0.1]
 2004[17] (iiB)[1500010, -1, 0]
 1000[03] (B)[4]
 2004[17] (iiB)[1500010, 211, 0]
 2004[20] (i)[1500010]
 1001[00] (f)[0.1]
 2004[17] (iiB)[1500010, -1, 0]
 0004[05] (biiB)[-2, 1500010, 5420, 1]
 0004[05] (biiB)[-2, 1500010, 5421, 1]
 0000[00] (bBb)[0, 1, -2]
 1000[04] (B)[1]

11505014, 1
 0003[06] (bb)[1, 3]
 0003[02] (bBii)[1, 1, 1500010, 1502010]
 0004[07] (biB)[1, 1500010, 0]
 0000[00] (bBb)[0, 1, 1]
 2004[08] (ii)[1500010, 5421]
 2004[16] (i)[1500010]
 2004[20] (i)[1500010]
 2004[41] (iBii)[1500010, 1, 1502010, -1]
 0004[07] (biB)[0, 1500010, 1]
 1000[04] (B)[1]

11505015, 1
 1003[06] (Bb)[0, 0]
 0004[07] (biB)[1, 1500010, 0]
 1000[02] (BBb)[0, 1, 1]
 2004[43] (iB)[1500010, 1]
 2003[18] (iiBBB)[1500010, 0, 0, 0, 0]
 2004[20] (i)[1500010]

11500900, 1
 1003[01] (BBBi)[2, 0, 2, 0]
 2004[05] (iB)[1500010, 0]
 1000[04] (B)[0]
 0004[00] (biB)[0, 1500010, 1]
 1000[04] (B)[0]

11500210, 0
 1003[06] (Bb)[0, 1]
 0003[08] (bBBB)[0, 1, 15, 0]
 0001[00] (bf)[0, 5.0]
 0003[00] (bBBi)[0, 1, 0, 11]
 0003[05] (biifhfiBi)[0, 1, 1502505, 0.0, -1, 0.0, 10010120, 48, 0]
 2004[29] (iB)[1500201, 1]
 1001[01] (i)[1]
 1003[01] (BBBi)[2, 1, 0, 11510400]
 2002[04] (iIiBBi)[150000, 0, 1502501, 15, 1, 10000]
 1000[03] (B)[1]
 2002[04] (iIiBBi)[150002, 0, 1502501, 15, 1, 10000]
 1001[01] (i)[1]
 2003[28] (i)[33]
 1000[04] (B)[1]

11500860, 1
 1003[01] (BBBi)[3, 0, 2, 0]
 2004[05] (iB)[0, 0]
    ^(0 <- 0, 4)
 2004[04] (iB)[0, 0]
    ^(0 <- 0, 4)
 1000[04] (B)[0]
 0004[00] (biB)[0, 0, 1]
    ^(4 <- 0, 4)
 1000[05] (Bbii)[1, 0, 0, 0]
    ^(4 <- 4, 4)
 2003[36] (i)[0]
    ^(0 <- 4, 4)
 1000[04] (B)[0]

11500600, 0
 1003[01] (BBBi)[4, 0, 2, 0]
 2005[07] (ii)[0, 0]
    ^(0 <- 0, 4)
 2005[06] (iiB)[0, -1, 0]
    ^(0 <- 0, 4)
 2005[04] (iB)[0, 1]
    ^(0 <- 0, 4)
 1000[04] (B)[0]
 2005[04] (iB)[0, 0]
    ^(0 <- 0, 4)
 0005[02] (bi)[0, 0]
    ^(4 <- 4, 4)
 1001[01] (i)[10]
 2005[04] (iB)[0, 1]
    ^(0 <- 0, 4)

11500510, 0
 0004[02] (bibf)[1, 0, 5, 0.8999999761581421]
    ^(4 <- 0, 4)
 0004[02] (bibf)[1, 0, 2, 0.0]
    ^(4 <- 0, 4)
 0004[01] (bii)[1, 0, 10000]
    ^(4 <- 0, 4)
 0003[00] (bBBi)[2, 1, 0, 0]
    ^(4 <- 4, 4)
 0003[00] (bBBi)[2, 1, 2, 0]
 0003[00] (bBBi)[3, 1, 0, 0]
    ^(4 <- 4, 4)
 0003[00] (bBBi)[3, 0, 2, 0]
 0000[00] (bBb)[-1, 1, 1]
 0000[00] (bBb)[-1, 1, 2]
 0000[00] (bBb)[-1, 1, 3]
 0000[00] (bBb)[0, 1, -1]
 1000[07] (BBb)[2, 0, 3]
 2004[05] (iB)[0, 0]
    ^(0 <- 0, 4)
 0003[00] (bBBi)[0, 1, 0, 703]
 2003[02] (iB)[0, 1]
    ^(0 <- 4, 4)
 2004[44] (iB)[0, 9]
    ^(0 <- 0, 4)
 2000[05] (B)[0]

11500520, 0
 1003[01] (BBBi)[2, 0, 2, 0]
 2004[37] (i)[0]
    ^(0 <- 0, 4)
 1000[04] (B)[0]
 0004[02] (bibf)[0, 0, 5, 0.0]
    ^(4 <- 0, 4)
 2003[22] (iiB)[0, 0, 0]
    ^(0 <- 4, 4)
    ^(4 <- 8, 4)
 2003[02] (iB)[0, 1]
    ^(0 <- 12, 4)

11500530, 0
 1003[01] (BBBi)[3, 1, 0, 11500593]
 2005[06] (iiB)[1501032, -1, 0]
 0003[00] (bBBi)[0, 1, 0, 11500593]
 2005[06] (iiB)[1501032, -1, 1]
 1003[02] (BBBi)[0, 1, 1, 0]
 0003[00] (bBBi)[0, 1, 0, 11500112]
 2003[02] (iB)[71500021, 0]

11500531, 0
 0003[00] (bBBi)[1, 0, 0, 1096]
 0003[00] (bBBi)[1, 1, 0, 1090]
 0003[00] (bBBi)[1, 1, 0, 11500112]
 0004[00] (biB)[1, 0, 0]
    ^(4 <- 0, 4)
 0000[00] (bBb)[0, 1, 1]
 2003[22] (iiB)[0, 0, 0]
    ^(0 <- 4, 4)
    ^(4 <- 8, 4)
 2003[02] (iB)[0, 1]
    ^(0 <- 12, 4)

11500532, 0
 0003[00] (bBBi)[1, 0, 0, 1096]
 0003[00] (bBBi)[1, 1, 0, 1092]
 0003[00] (bBBi)[1, 1, 0, 11500594]
 0000[00] (bBb)[0, 1, 1]
 1000[07] (BBb)[2, 1, 1]
 2003[22] (iiB)[0, 0, 0]
    ^(0 <- 4, 4)
    ^(4 <- 8, 4)
 2003[02] (iB)[0, 1]
    ^(0 <- 12, 4)
 2004[05] (iB)[0, 0]
    ^(0 <- 0, 4)

11500533, 0
 0003[00] (bBBi)[1, 0, 0, 1114]
 0003[00] (bBBi)[1, 1, 0, 1113]
 0003[00] (bBBi)[1, 1, 0, 723]
 0003[08] (bBBB)[1, 1, 15, 0]
 0000[00] (bBb)[0, 1, 1]
 2003[22] (iiB)[0, 0, 0]
    ^(0 <- 4, 4)
    ^(4 <- 8, 4)
 2003[02] (iB)[0, 1]
    ^(0 <- 12, 4)
 2004[05] (iB)[0, 1]
    ^(0 <- 0, 4)

11500534, 0
 0003[00] (bBBi)[1, 0, 0, 1512]
 0003[00] (bBBi)[1, 1, 0, 1490]
 0003[00] (bBBi)[1, 1, 0, 11500591]
 0003[00] (bBBi)[1, 1, 0, 11500200]
 0000[00] (bBb)[0, 1, 1]
 2003[22] (iiB)[0, 0, 0]
    ^(0 <- 4, 4)
    ^(4 <- 8, 4)
 2003[02] (iB)[0, 1]
    ^(0 <- 12, 4)
 2004[40] (iBiii)[0, 1, 1502510, -1, 1503300]
    ^(0 <- 0, 4)
 2004[13] (ii)[0, 1502510]
    ^(0 <- 0, 4)
 2004[04] (iB)[1500120, 0]
 2004[04] (iB)[1500121, 0]

11500535, 0
 0003[00] (bBBi)[1, 0, 0, 1512]
 0003[00] (bBBi)[1, 1, 0, 1490]
 0003[00] (bBBi)[1, 0, 0, 11500591]
 0003[00] (bBBi)[1, 1, 0, 11500200]
 0000[00] (bBb)[0, 1, 1]
 2003[22] (iiB)[0, 0, 0]
    ^(0 <- 4, 4)
    ^(4 <- 8, 4)
 2003[02] (iB)[0, 1]
    ^(0 <- 12, 4)
 2004[40] (iBiii)[0, 1, 1502510, -1, 1503300]
    ^(0 <- 0, 4)
 2004[13] (ii)[0, 1502510]
    ^(0 <- 0, 4)
 2004[04] (iB)[1500120, 0]
 2004[04] (iB)[1500121, 0]

11500536, 0
 0003[06] (bb)[1, 0]
 0003[00] (bBBi)[1, 0, 0, 1512]
 0003[00] (bBBi)[1, 1, 0, 1491]
 0003[00] (bBBi)[1, 1, 0, 11500850]
 0004[07] (biB)[1, 0, 0]
    ^(4 <- 0, 4)
 0003[06] (bb)[2, 0]
 0003[00] (bBBi)[2, 0, 0, 1512]
 0003[00] (bBBi)[2, 1, 0, 1492]
 0003[00] (bBBi)[2, 1, 0, 11500592]
 0003[00] (bBBi)[2, 1, 0, 11500850]
 0004[07] (biB)[2, 0, 0]
    ^(4 <- 0, 4)
 0000[00] (bBb)[-1, 1, 1]
 0000[00] (bBb)[-1, 1, 2]
 0000[00] (bBb)[0, 1, -1]
 2003[22] (iiB)[0, 0, 0]
    ^(0 <- 4, 4)
    ^(4 <- 8, 4)
 2003[02] (iB)[0, 1]
    ^(0 <- 12, 4)
 2004[05] (iB)[0, 0]
    ^(0 <- 0, 4)

11505030, 0
 1003[05] (Bb)[1, 1]
 2004[28] (ii)[6510, 4095]
 1003[01] (BBBi)[3, 1, 0, 11505033]
 0003[06] (bb)[2, 1]
 0003[00] (bBBi)[2, 1, 0, 11505031]
 1000[01] (BBb)[1, 1, 2]
 2004[05] (iB)[6510, 0]
 1003[02] (BBBi)[0, 1, 0, 11]
 0003[06] (bb)[1, 0]
 0004[03] (bib)[1, 10000, 0]
 0004[07] (biB)[1, 6510, 1]
 0003[03] (bBiif)[1, 1, 6510, 10000, 10.0]
 0000[00] (bBb)[0, 1, 1]
 2003[25] (iiiii)[0, 6510, 1502000, 11505031, 11505033]

11505032, 0
 1003[02] (BBBi)[0, 1, 1, 0]
 0003[00] (bBBi)[1, 1, 0, 11505031]
 0003[00] (bBBi)[1, 1, 0, 11505393]
 0000[00] (bBb)[0, 1, 1]
 2004[17] (iiB)[6510, 10, 0]
 2004[20] (i)[6510]
 0003[02] (bBii)[0, 1, 6510, 1502998]
 2004[14] (ii)[6510, 1502997]
 2003[18] (iiBBB)[6510, 7410, 0, 0, 0]
 2004[17] (iiB)[6510, -1, 0]
 2004[20] (i)[6510]

11502040, 1
 2004[05] (iB)[0, 0]
    ^(0 <- 0, 4)
 0003[02] (bBii)[0, 1, 10000, 0]
    ^(8 <- 4, 4)
 1001[00] (f)[0.0]
    ^(0 <- 8, 4)
 2004[05] (iB)[0, 1]
    ^(0 <- 0, 4)
 2004[02] (ib)[0, 6]
    ^(0 <- 0, 4)

11502001, 0
 1003[01] (BBBi)[2, 0, 1, 0]
 2004[05] (iB)[6280, 0]
 1000[04] (B)[0]
 0003[00] (bBBi)[0, 1, 0, 11500112]
 2003[02] (iB)[1901, 1]
 1001[00] (f)[1.0]
 2007[02] (B)[9]
 2004[08] (ii)[10000, 4801]
 1001[00] (f)[5.0]
 2003[14] (BBi)[10, 2, -1]

11502002, 0
 0003[05] (biifhfiBi)[0, 1, 1502675, 0.0, -1, 0.0, 10010140, 48, 0]
 2003[14] (BBi)[10, 2, -1]
 1001[00] (f)[3.0]
 1000[04] (B)[1]

11502003, 0
 1003[02] (BBBi)[0, 1, 1, 0]
 0003[04] (bBiB)[1, 3, 386, 1]
 0003[04] (bBiB)[1, 3, 387, 1]
 0003[04] (bBiB)[1, 3, 388, 1]
 0003[04] (bBiB)[1, 3, 300, 1]
 0000[00] (bBb)[0, 1, 1]
 2003[24] (iii)[3, 386, 0]
 2003[24] (iii)[3, 387, 0]
 2003[24] (iii)[3, 388, 0]
 2003[02] (iB)[50004500, 0]
 2003[36] (i)[4500]
 1001[00] (f)[1.0]
 2007[03] (iB)[10010150, 1]

11502004, 0
 1003[02] (BBBi)[0, 1, 1, 0]
 0004[05] (biiB)[1, 10000, 4700, 1]
 0003[03] (bBiif)[1, 1, 10000, 1500101, 5.0]
 0000[00] (bBb)[0, 1, 1]
 1000[04] (B)[0]

11502005, 0
 1003[02] (BBBi)[0, 1, 0, 11502004]
 0003[00] (bBBi)[1, 0, 0, 11502004]
 0003[05] (biifhfiBi)[1, 2, 1500101, 180.0, -1, 3.0, 10010100, 48, 0]
 0000[00] (bBb)[0, 1, 1]
 2007[01] (ihhif)[10010151, 1, 6, 1500101, 3.0]
 1001[00] (f)[3.0]
 1000[04] (B)[1]