0, 0
 2009[00] (iii)[11510010, 11510011, 1511140]
 2009[00] (iii)[11510012, 11510013, 1511141]
 2003[02] (iB)[11510304, 0]
 1003[05] (Bb)[2, 1]
 2005[03] (iB)[1511994, 0]
 2006[01] (iB)[1511995, 0]
 2005[03] (iB)[1511310, 0]
 2011[01] (iB)[1513301, 0]
 2011[01] (iB)[1513302, 0]
 2011[01] (iB)[1513303, 0]
 1003[01] (BBBi)[1, 0, 0, 11510300]
 1003[01] (BBBi)[6, 0, 0, 11510303]
 2003[02] (iB)[11510301, 0]
 2003[02] (iB)[11510302, 0]
 2003[02] (iB)[11510303, 1]
 2005[07] (ii)[1511300, 53]
 2011[01] (iB)[1513303, 1]
 1000[03] (B)[13]
 1003[01] (BBBi)[6, 0, 0, 11510302]
 2003[02] (iB)[11510301, 0]
 2003[02] (iB)[11510302, 1]
 2003[02] (iB)[11510303, 0]
 2005[07] (ii)[1511300, 50]
 2011[01] (iB)[1513302, 1]
 1000[03] (B)[6]
 1003[01] (BBBi)[5, 0, 0, 11510301]
 2003[02] (iB)[11510301, 1]
 2003[02] (iB)[11510302, 0]
 2003[02] (iB)[11510303, 0]
 2005[07] (ii)[1511300, 51]
 2011[01] (iB)[1513301, 1]
 2005[03] (iB)[1511450, 0]
 2003[02] (iB)[11510460, 0]
 2000[00] (iII|III)[0, 11510090, 1511700, 1511701, 1512600, 1512601]
 2000[00] (iII|III)[1, 11510090, 1511702, 1511703, 1512602, 1512603]
 2000[00] (iII)[0, 11515040, 0]
 2000[00] (iII)[0, 11515041, 0]
 2000[00] (iII)[0, 11515042, 0]
 2005[06] (iiB)[1511001, -1, 0]
 2000[00] (iII)[0, 11510201, 0]
 2000[00] (iII)[0, 11510100, 0]
 2000[00] (iII)[0, 11510211, 0]
 2000[00] (iII)[0, 11510220, 0]
 2000[00] (iII)[0, 11510300, 0]
 2000[00] (iII)[0, 11510319, 0]
 2000[00] (iII)[0, 11510340, 0]
 2000[00] (iII)[0, 11510350, 0]
 2000[00] (iII)[0, 11510310, 0]
 2000[00] (iII)[0, 11515250, 0]
 2000[00] (iII)[0, 11515251, 0]
 2000[00] (iII)[0, 11510110, 0]
 2000[00] (iII)[0, 11510400, 0]
 2000[00] (iII)[0, 11510401, 0]
 2000[00] (iII)[0, 11510230, 0]
 2000[00] (iII)[0, 11510240, 0]
 2000[00] (iII)[0, 11515050, 0]
 2000[00] (iII)[0, 11510120, 0]
 2000[00] (iII)[0, 11510130, 0]
 2000[00] (iII)[0, 11510131, 0]
 2000[00] (iII)[0, 11510460, 0]
 2000[00] (iII)[0, 11510462, 0]
 2000[00] (iII)[0, 11510461, 0]
 2000[00] (iII)[0, 11510140, 0]
 2000[00] (iII)[0, 11510150, 0]
 2000[00] (iII)[0, 11510215, 0]
 2000[00] (iII)[0, 11515060, 1510400]
 2000[00] (iII)[1, 11515060, 1510401]
 2000[00] (iII)[2, 11515060, 1510402]
 2000[00] (iII)[3, 11515060, 1510403]
 2000[00] (iII)[4, 11515060, 1510404]
 2000[00] (iII)[5, 11515060, 1510405]
 2000[00] (iII)[6, 11515060, 1510406]
 2000[00] (iII)[7, 11515060, 1510407]
 2000[00] (iII)[8, 11515060, 1510408]
 2000[00] (iII)[9, 11515060, 1510409]
 2000[00] (iII)[10, 11515060, 1510410]
 2000[00] (iII)[11, 11515060, 1510411]
 2000[00] (iII)[12, 11515060, 1510412]
 2000[00] (iII)[13, 11515060, 1510413]
 2000[00] (iII|I)[0, 11515080, 1510450, 1510451]
 2000[00] (iII|II)[0, 11510260, 11510251, 1512251, 1512250]
 2000[00] (iII|II)[1, 11510260, 11510257, 1512253, 1512252]
 2000[00] (iII|II)[2, 11510260, 11510258, 1512255, 1512254]
 2010[03] (iB)[1513800, 0]
 1003[01] (BBBi)[4, 0, 0, 11512002]
 2000[00] (iII)[0, 11515392, 0]
 2005[03] (iB)[1511990, 0]
 2006[01] (iB)[1511991, 0]
 1000[03] (B)[11]
 2000[00] (iII)[0, 11515390, 0]
 2000[00] (iII)[0, 11515391, 0]
 2000[00] (iII)[0, 11515393, 0]
 2000[00] (iII)[0, 11515392, 0]
 2000[00] (iII)[0, 11510001, 0]
 2000[00] (iII)[0, 11510002, 0]
 2000[00] (iII)[0, 11515394, 0]
 2000[00] (iII)[0, 11515395, 0]
 2000[00] (iII)[0, 11512030, 1510800]
 2000[00] (iII)[1, 11512030, 1510801]
 2000[00] (iII)[2, 11512030, 1510810]
 2010[03] (iB)[1513802, 0]
 2000[00] (iII|III)[0, 11510710, 11510251, 1510300, 1512251, 1512250]
 2000[00] (iII|III)[1, 11510710, 11510251, 1510301, 1512251, 1512250]
 2000[00] (iII|III)[2, 11510710, 11510251, 1510302, 1512251, 1512250]
 2000[00] (iII|III)[3, 11510710, 11510251, 1510305, 1512251, 1512250]
 2000[00] (iII|III)[4, 11510710, 11510251, 1510320, 1512251, 1512250]
 2000[00] (iII|III)[5, 11510710, 11510251, 1510321, 1512251, 1512250]
 2000[00] (iII|III)[6, 11510710, 11510251, 1510322, 1512251, 1512250]
 2000[00] (iII|III)[7, 11510710, 11510251, 1510323, 1512251, 1512250]
 2000[00] (iII|III)[8, 11510710, 11510251, 1510324, 1512251, 1512250]
 2000[00] (iII|III)[9, 11510710, 11510251, 1510325, 1512251, 1512250]
 2000[00] (iII|III)[10, 11510710, 11510251, 1510326, 1512251, 1512250]
 2000[00] (iII|III)[11, 11510710, 11510251, 1510327, 1512251, 1512250]
 2000[00] (iII|III)[12, 11510710, 11510251, 1510328, 1512251, 1512250]
 2000[00] (iII|III)[13, 11510710, 11510251, 1510329, 1512251, 1512250]
 2000[00] (iII|III)[20, 11510710, 11510257, 1510300, 1512253, 1512252]
 2000[00] (iII|III)[21, 11510710, 11510257, 1510301, 1512253, 1512252]
 2000[00] (iII|III)[22, 11510710, 11510257, 1510302, 1512253, 1512252]
 2000[00] (iII|III)[23, 11510710, 11510257, 1510305, 1512253, 1512252]
 2000[00] (iII|III)[24, 11510710, 11510257, 1510320, 1512253, 1512252]
 2000[00] (iII|III)[25, 11510710, 11510257, 1510321, 1512253, 1512252]
 2000[00] (iII|III)[26, 11510710, 11510257, 1510322, 1512253, 1512252]
 2000[00] (iII|III)[27, 11510710, 11510257, 1510323, 1512253, 1512252]
 2000[00] (iII|III)[28, 11510710, 11510257, 1510324, 1512253, 1512252]
 2000[00] (iII|III)[29, 11510710, 11510257, 1510325, 1512253, 1512252]
 2000[00] (iII|III)[30, 11510710, 11510257, 1510326, 1512253, 1512252]
 2000[00] (iII|III)[31, 11510710, 11510257, 1510327, 1512253, 1512252]
 2000[00] (iII|III)[32, 11510710, 11510257, 1510328, 1512253, 1512252]
 2000[00] (iII|III)[33, 11510710, 11510257, 1510329, 1512253, 1512252]
 2000[00] (iII|III)[40, 11510710, 11510258, 1510300, 1512255, 1512254]
 2000[00] (iII|III)[41, 11510710, 11510258, 1510301, 1512255, 1512254]
 2000[00] (iII|III)[42, 11510710, 11510258, 1510302, 1512255, 1512254]
 2000[00] (iII|III)[43, 11510710, 11510258, 1510305, 1512255, 1512254]
 2000[00] (iII|III)[44, 11510710, 11510258, 1510320, 1512255, 1512254]
 2000[00] (iII|III)[45, 11510710, 11510258, 1510321, 1512255, 1512254]
 2000[00] (iII|III)[46, 11510710, 11510258, 1510322, 1512255, 1512254]
 2000[00] (iII|III)[47, 11510710, 11510258, 1510323, 1512255, 1512254]
 2000[00] (iII|III)[48, 11510710, 11510258, 1510324, 1512255, 1512254]
 2000[00] (iII|III)[49, 11510710, 11510258, 1510325, 1512255, 1512254]
 2000[00] (iII|III)[50, 11510710, 11510258, 1510326, 1512255, 1512254]
 2000[00] (iII|III)[51, 11510710, 11510258, 1510327, 1512255, 1512254]
 2000[00] (iII|III)[52, 11510710, 11510258, 1510328, 1512255, 1512254]
 2000[00] (iII|III)[53, 11510710, 11510258, 1510329, 1512255, 1512254]
 2000[00] (iII|I)[1, 11510600, 1511651, 11510601]
 2000[00] (iII|I)[2, 11510600, 1511652, 11510602]
 2000[00] (iII|I)[3, 11510600, 1511653, 11510603]
 2000[00] (iII|I)[4, 11510600, 1511654, 11510604]
 2000[00] (iII|I)[6, 11510600, 1511656, 11510606]
 2000[00] (iII|I)[7, 11510600, 1511657, 11510607]
 2000[00] (iII|I)[8, 11510600, 1511658, 11510608]
 2000[00] (iII|I)[9, 11510600, 1511659, 11510609]
 2000[00] (iII|I)[10, 11510600, 1511660, 11510610]
 2000[00] (iII|I)[11, 11510600, 1511661, 11510611]
 2000[00] (iII|I)[12, 11510600, 1511662, 11510612]
 2000[00] (iII|I)[15, 11510600, 1511665, 11510615]
 2000[00] (iII|I)[16, 11510600, 1511666, 11510616]
 2000[00] (iII|I)[17, 11510600, 1511667, 11510617]
 2000[00] (iII|I)[18, 11510600, 1511668, 11510618]
 2000[00] (iII|I)[19, 11510600, 1511669, 11510619]
 2000[00] (iII|I)[0, 11510860, 1510250, 0]
 2000[00] (iII|I)[3, 11510860, 6640, 0]
 2000[00] (iII|I)[4, 11510860, 6650, 0]
 2000[00] (iII)[0, 11512000, 0]
 2000[00] (iII)[0, 11512006, 0]
 2000[00] (iII)[0, 11512007, 0]
 2000[00] (iII)[0, 11512008, 0]
 2000[00] (iII|i)[0, 11512010, 1512681, 10010450]
 2000[00] (iII|i)[1, 11512010, 1512676, 10010451]
 2000[00] (iII|i)[2, 11512010, 1512677, 10010452]
 2000[00] (iII|i)[3, 11512010, 1512678, 10010453]
 2000[00] (iII|i)[4, 11512010, 1512680, 10010453]
 2000[00] (iII|i)[5, 11512010, 1512683, 10010453]
 2000[00] (iII|i)[6, 11512010, 1512684, 10010454]
 2000[00] (iII|I)[0, 11512020, 1512679, 4590]
 2000[00] (iII|I)[1, 11512020, 1512682, 4580]

50, 0
 2005[03] (iB)[1511750, 0]
 2006[01] (iB)[1511751, 0]
 2005[03] (iB)[1511752, 0]
 2006[01] (iB)[1511753, 0]
 2005[03] (iB)[1511754, 0]
 2006[01] (iB)[1511755, 0]
 2005[03] (iB)[1511875, 0]
 2006[01] (iB)[1511876, 0]
 2000[00] (iII)[0, 11512001, 0]
 2000[00] (iII)[0, 11512005, 0]

11510090, 0
 1003[01] (BBBi)[3, 0, 2, 0]
 2005[03] (iB)[0, 0]
    ^(0 <- 0, 4)
 2006[01] (iB)[0, 0]
    ^(0 <- 4, 4)
 1000[04] (B)[0]
 0003[18] (biifhfiBii)[1, 1, 0, 0.0, 0, 0.0, 10010403, 48, 0, 0]
    ^(8 <- 8, 4)
    ^(36 <- 0, 4)
 0003[18] (biifhfiBii)[2, 1, 0, 0.0, 0, 0.0, 10010407, 48, 0, 0]
    ^(8 <- 12, 4)
    ^(36 <- 0, 4)
 0000[00] (bBb)[-1, 1, 1]
 0000[00] (bBb)[-1, 1, 2]
 0000[00] (bBb)[0, 1, -1]
 1000[07] (BBb)[2, 1, 2]
 2004[41] (iBii)[10000, 1, 0, -1]
    ^(8 <- 8, 4)
 1000[03] (B)[1]
 2004[41] (iBii)[10000, 1, 0, -1]
    ^(8 <- 12, 4)
 2003[18] (iiBBB)[10000, 7410, 0, 0, 0]
 2005[03] (iB)[0, 0]
    ^(0 <- 0, 4)
 2006[01] (iB)[0, 1]
    ^(0 <- 4, 4)

11515040, 1
 1003[02] (BBBi)[0, 1, 1, 0]
 2004[05] (iB)[1510900, 0]
 2004[05] (iB)[1510901, 0]
 2004[05] (iB)[1510902, 0]
 2004[05] (iB)[1510903, 0]
 2004[05] (iB)[1510904, 0]
 2004[05] (iB)[1510905, 0]
 2004[05] (iB)[1510906, 0]
 2004[05] (iB)[1510907, 0]
 2004[05] (iB)[1510908, 0]
 2004[05] (iB)[1510909, 0]
 0003[00] (bBBi)[0, 1, 0, 11510050]
 1003[02] (BBBi)[0, 1, 0, 735]
 2003[02] (iB)[5000, 1]
 2004[05] (iB)[1510900, 1]
 2004[05] (iB)[1510901, 1]
 2004[05] (iB)[1510902, 1]
 2004[05] (iB)[1510903, 1]
 2004[05] (iB)[1510904, 1]
 2004[05] (iB)[1510905, 1]
 2004[05] (iB)[1510906, 1]
 2004[05] (iB)[1510907, 1]
 2004[05] (iB)[1510908, 1]
 2004[05] (iB)[1510909, 1]

11515041, 1
 0003[00] (bBBi)[-1, 1, 0, 11515045]
 0003[00] (bBBi)[-1, 1, 0, 735]
 0000[00] (bBb)[0, 1, -1]
 1003[01] (BBBi)[1, 0, 0, 735]
 2003[02] (iB)[735, 0]
 2003[02] (iB)[11510050, 0]
 2003[02] (iB)[11515045, 0]
 2003[02] (iB)[5001, 1]
 2004[04] (iB)[1510900, 0]
 2004[04] (iB)[1510901, 0]
 2004[04] (iB)[1510902, 0]
 2004[04] (iB)[1510903, 0]
 2004[04] (iB)[1510904, 0]
 2004[04] (iB)[1510905, 0]
 2004[04] (iB)[1510906, 0]
 2004[04] (iB)[1510907, 0]
 2004[04] (iB)[1510908, 0]
 2004[04] (iB)[1510909, 0]

11515042, 1
 1003[06] (Bb)[0, 1]
 0003[11] (bBBB)[1, 1, 2, 50]
 0003[08] (bBBB)[1, 1, 15, 1]
 0000[00] (bBb)[-1, 1, 1]
 0003[00] (bBBi)[-1, 1, 0, 11510050]
 0000[00] (bBb)[0, 1, -1]
 1001[01] (i)[1]
 0003[11] (bBBB)[2, 1, 2, 50]
 0003[08] (bBBB)[2, 1, 15, 1]
 0000[00] (bBb)[-2, 1, 2]
 0003[00] (bBBi)[-2, 1, 0, 11510050]
 1000[02] (BBb)[1, 0, -2]
 1001[01] (i)[1]
 0003[11] (bBBB)[3, 1, 2, 50]
 0003[08] (bBBB)[3, 1, 15, 1]
 0000[00] (bBb)[-3, 1, 3]
 0003[00] (bBBi)[-3, 1, 0, 11510050]
 1000[02] (BBb)[1, 0, -3]
 1001[01] (i)[1]
 0003[11] (bBBB)[4, 1, 2, 50]
 0003[08] (bBBB)[4, 1, 15, 1]
 0000[00] (bBb)[-4, 1, 4]
 0003[00] (bBBi)[-4, 1, 0, 11510050]
 1000[02] (BBb)[1, 0, -4]
 1001[01] (i)[1]
 0003[11] (bBBB)[5, 1, 2, 50]
 0003[08] (bBBB)[5, 1, 15, 1]
 0000[00] (bBb)[-5, 1, 5]
 0003[00] (bBBi)[-5, 1, 0, 11510050]
 1000[02] (BBb)[1, 0, -5]
 1001[01] (i)[1]
 0003[11] (bBBB)[6, 1, 2, 50]
 0003[08] (bBBB)[6, 1, 15, 1]
 0000[00] (bBb)[-6, 1, 6]
 0003[00] (bBBi)[-6, 1, 0, 11510050]
 1000[02] (BBb)[1, 0, -6]
 2003[02] (iB)[11510050, 1]
 1001[00] (f)[600.0]
 0003[11] (bBBB)[7, 1, 5, 50]
 0003[08] (bBBB)[7, 1, 15, 1]
 1000[02] (BBb)[1, 0, 7]
 2003[02] (iB)[11510050, 0]
 2003[02] (iB)[11515045, 1]

11515380, 0
 0003[00] (bBBi)[1, 0, 0, 11510900]
 0003[19] (biifhfiBii)[1, 1, 1512898, 0.0, -1, 0.0, 10010403, 48, 0, 1511890]
 0000[00] (bBb)[0, 1, 1]
 2003[02] (iB)[743, 1]
 2004[14] (ii)[10000, 1512897]
 2003[18] (iiBBB)[10000, 7410, 0, 1, 0]
 1000[04] (B)[1]

11515381, 0
 2000[02] (B)[0]
 0003[00] (bBBi)[1, 0, 0, 11510900]
 0003[00] (bBBi)[1, 1, 0, 11515383]
 0004[03] (bib)[1, 10000, 1]
 0003[18] (biifhfiBii)[1, 1, 1512898, 0.0, -1, 0.0, 10010403, 255, 0, 1511890]
 0000[00] (bBb)[0, 1, 1]
 2004[14] (ii)[10000, 1512897]
 1003[01] (BBBi)[2, 1, 0, 11510400]
 2002[04] (iIiBBi)[150151, 2, 1512901, 15, 1, 10000]
 1000[03] (B)[1]
 2002[04] (iIiBBi)[150156, 2, 1512901, 15, 1, 10000]
 1001[01] (i)[1]
 2004[05] (iB)[1510650, 1]
 2003[18] (iiBBB)[10000, 7410, 0, 0, 0]
 1000[04] (B)[1]

11515383, 0
 1003[01] (BBBi)[3, 1, 1, 0]
 0003[00] (bBBi)[1, 0, 0, 11510900]
 0003[02] (bBii)[1, 1, 10000, 1512896]
 0000[00] (bBb)[0, 1, 1]
 1003[05] (Bb)[2, 1]
 2009[06] (B)[0]
 2004[28] (ii)[1510650, 4095]
 2009[04] (i)[1510650]

11515382, 1
 1003[01] (BBBi)[2, 0, 0, 11510900]
 2004[05] (iB)[1510650, 0]
 1000[04] (B)[0]
 2004[01] (iB)[1510650, 0]
 0003[00] (bBBi)[1, 1, 0, 11515383]
 0003[02] (bBii)[1, 1, 10000, 1512896]
 0000[00] (bBb)[0, 1, 1]
 2003[02] (iB)[11515386, 1]
 0003[00] (bBBi)[0, 1, 0, 11515387]
 1003[05] (Bb)[2, 1]
 2003[18] (iiBBB)[10000, -1, 0, 0, 0]
 2004[43] (iB)[10000, 1]
 0004[03] (bib)[-1, 10000, 0]
 0004[03] (bib)[-1, 10000, 8]
 0000[00] (bBb)[2, 1, -1]
 0004[12] (bB)[2, 8]
 1000[01] (BBb)[6, 0, 2]
 2004[38] (B)[0]
 1003[01] (BBBi)[2, 1, 0, 9002]
 2004[46] (B)[0]
 2003[02] (iB)[9002, 1]
 2003[02] (iB)[742, 1]
 2000[05] (B)[0]
 2004[01] (iB)[1510650, 1]
 2004[02] (ib)[1510650, 7]
 2003[11] (bihh)[1, 1510650, 0, 5320]

11510900, 0
 0004[02] (bibf)[0, 1510650, 5, 0.0]
 1001[01] (i)[1]
 1003[05] (Bb)[7, 1]
 2003[02] (iB)[11515389, 1]
 0003[00] (bBBi)[0, 1, 0, 11515389]
 1003[01] (BBBi)[2, 1, 0, 11510400]
 2002[04] (iIiBBi)[150152, 0, 1512897, 15, 1, 10000]
 1000[03] (B)[1]
 2002[04] (iIiBBi)[150157, 0, 1512897, 15, 1, 10000]
 1001[01] (i)[1]
 1003[01] (BBBi)[1, 0, 0, 12]
 2003[02] (iB)[120, 1]
 2003[02] (iB)[11510900, 1]
 2003[12] (i)[1510650]
 2005[03] (iB)[1511890, 0]
 2006[01] (iB)[1511891, 1]
 1003[06] (Bb)[0, 1]
 2003[02] (iB)[11807170, 0]
 2003[02] (iB)[11807180, 0]
 2003[02] (iB)[11807190, 0]
 2003[02] (iB)[11807230, 0]
 2003[28] (i)[39]

11515384, 0
 2000[02] (B)[0]
 0003[00] (bBBi)[1, 0, 0, 11510900]
 0003[00] (bBBi)[1, 1, 0, 11515382]
 0003[02] (bBii)[1, 1, 10000, 1512890]
 0000[00] (bBb)[0, 1, 1]
 2010[03] (iB)[1513802, 1]

11515385, 0
 2000[02] (B)[0]
 0004[02] (bibf)[1, 1510650, 5, 0.0]
 0003[00] (bBBi)[1, 1, 0, 11515384]
 0000[00] (bBb)[0, 1, 1]
 2010[03] (iB)[1513802, 0]

11515386, 1
 0003[00] (bBBi)[1, 1, 1, 0]
 0003[00] (bBBi)[1, 1, 0, 11510400]
 0003[00] (bBBi)[2, 1, 1, 0]
 0003[06] (bb)[2, 0]
 0004[12] (bB)[2, 8]
 0003[00] (bBBi)[3, 1, 1, 0]
 0000[00] (bBb)[3, 0, 1]
 0000[00] (bBb)[3, 0, 2]
 0000[00] (bBb)[-1, 1, 1]
 0000[00] (bBb)[-1, 1, 2]
 0000[00] (bBb)[-1, 1, 3]
 0000[00] (bBb)[0, 1, -1]
 1000[07] (BBb)[10, 0, 1]
 1003[05] (Bb)[2, 2]
 2002[04] (iIiBBi)[150155, 0, 1512900, 15, 1, 10000]
 1000[03] (B)[4]
 1003[05] (Bb)[2, 1]
 2002[04] (iIiBBi)[150155, 2, 1512900, 15, 1, 10000]
 1000[03] (B)[1]
 2002[03] (iIi)[150155, 2, 10000]
 1001[01] (i)[1]
 2003[02] (iB)[11515387, 1]
 1000[04] (B)[0]
 1000[07] (BBb)[10, 0, 2]
 1003[05] (Bb)[2, 2]
 2002[04] (iIiBBi)[150161, 0, 1512900, 15, 1, 10000]
 1000[03] (B)[4]
 1003[05] (Bb)[2, 1]
 2002[04] (iIiBBi)[150161, 2, 1512900, 15, 1, 10000]
 1000[03] (B)[1]
 2002[03] (iIi)[150161, 2, 10000]
 1001[01] (i)[1]
 2003[02] (iB)[11515387, 1]
 1000[04] (B)[0]
 1003[05] (Bb)[2, 2]
 2002[04] (iIiBBi)[150160, 0, 1512900, 15, 1, 10000]
 1000[03] (B)[4]
 1003[05] (Bb)[2, 1]
 2002[04] (iIiBBi)[150160, 2, 1512900, 15, 1, 10000]
 1000[03] (B)[1]
 2002[03] (iIi)[150160, 2, 10000]
 1001[01] (i)[1]
 2003[02] (iB)[11515387, 1]
 1000[04] (B)[0]

11515390, 0
 0003[00] (bBBi)[1, 0, 0, 11512002]
 0003[19] (biifhfiBii)[1, 1, 1512998, 0.0, -1, 0.0, 10010310, 48, 0, 1511990]
 0000[00] (bBb)[0, 1, 1]
 2004[14] (ii)[10000, 1512997]
 2003[18] (iiBBB)[10000, 7410, 0, 0, 0]
 1000[04] (B)[1]

11515391, 0
 0003[00] (bBBi)[1, 0, 0, 11512002]
 0003[00] (bBBi)[1, 1, 0, 11515393]
 0004[03] (bib)[1, 10000, 1]
 0003[18] (biifhfiBii)[1, 1, 1512998, 0.0, -1, 0.0, 10010403, 255, 0, 1511990]
 0000[00] (bBb)[0, 1, 1]
 2004[14] (ii)[10000, 1512997]
 2003[18] (iiBBB)[10000, 7410, 0, 0, 0]
 1000[04] (B)[1]

11515393, 0
 1003[01] (BBBi)[3, 1, 1, 0]
 0003[00] (bBBi)[1, 0, 0, 11512002]
 0003[02] (bBii)[1, 1, 10000, 1512996]
 0000[00] (bBb)[0, 1, 1]
 1003[05] (Bb)[1, 1]
 2009[06] (B)[0]

11515392, 1
 2004[01] (iB)[1510810, 0]
 2004[01] (iB)[1510820, 0]
 2004[05] (iB)[1510810, 0]
 2004[05] (iB)[1510820, 0]
 1003[01] (BBBi)[11, 0, 0, 11512002]
 2004[05] (iB)[1510800, 0]
 2004[05] (iB)[1510801, 0]
 2004[04] (iB)[1510800, 0]
 2004[04] (iB)[1510801, 0]
 2004[04] (iB)[1510820, 0]
 2004[04] (iB)[1510810, 0]
 0003[00] (bBBi)[1, 1, 0, 11512004]
 0003[00] (bBBi)[1, 0, 0, 1903]
 1000[01] (BBb)[1, 0, 1]
 2003[19] (hh)[15, 1]
 1000[04] (B)[0]
 2004[01] (iB)[1510800, 0]
 2004[01] (iB)[1510801, 0]
 1003[01] (BBBi)[5, 0, 0, 11512004]
 2003[19] (hh)[15, 1]
 2004[05] (iB)[1510800, 0]
 2004[05] (iB)[1510801, 0]
 2004[05] (iB)[1510810, 1]
 2004[05] (iB)[1510820, 1]
 1003[01] (BBBi)[5, 0, 0, 11512003]
 2004[05] (iB)[1510801, 0]
 2004[05] (iB)[1510820, 1]
 2004[02] (ib)[1510800, 2]
 2003[08] (iiB)[11512030, 0, 0]
 2004[12] (iB)[1510800, 0]
 0003[00] (bBBi)[2, 1, 0, 11515393]
 0003[02] (bBii)[2, 1, 10000, 1512990]
 0000[00] (bBb)[0, 1, 2]
 2004[05] (iB)[1510412, 0]
 2004[05] (iB)[1510413, 0]
 2004[05] (iB)[1510500, 0]
 1003[01] (BBBi)[6, 0, 0, 11512004]
 2004[01] (iB)[1510820, 1]
 2004[08] (ii)[1510820, 4731]
 2004[01] (iB)[1510810, 1]
 2003[11] (bihh)[1, 1510820, 0, 1202]
 2003[11] (bihh)[1, 1510810, 1, 5272]
 1000[04] (B)[0]
 1003[01] (BBBi)[4, 0, 0, 11512003]
 2004[01] (iB)[1510820, 1]
 2004[01] (iB)[1510800, 1]
 2003[11] (bihh)[1, 1510820, 0, 1202]
 1000[04] (B)[0]
 2004[01] (iB)[1510800, 1]
 2004[01] (iB)[1510801, 1]
 2003[11] (bihh)[1, 1510801, 0, 5271]
 2003[11] (bihh)[1, 1510800, 1, 5270]
 2003[02] (iB)[11515392, 1]
 0004[00] (biB)[3, 1510800, 1]
 0004[00] (biB)[4, 1510801, 1]
 0000[00] (bBb)[-1, 1, 3]
 0000[00] (bBb)[-1, 1, 4]
 0000[00] (bBb)[0, 1, -1]
 1000[07] (BBb)[14, 0, 3]
 2003[02] (iB)[11512004, 1]
 2003[19] (hh)[15, 1]
 2004[05] (iB)[1510800, 0]
 2004[41] (iBii)[1510810, 2, 1510801, 1]
 2004[05] (iB)[1510801, 0]
 2004[05] (iB)[1510810, 1]
 2004[05] (iB)[1510820, 1]
 2004[01] (iB)[1510820, 1]
 2004[08] (ii)[1510820, 4731]
 2004[01] (iB)[1510810, 1]
 2003[11] (bihh)[0, 1510800, 0, 0]
 2003[11] (bihh)[1, 1510820, 0, 1202]
 2003[11] (bihh)[1, 1510810, 1, 5272]
 1000[03] (B)[10]
 2003[02] (iB)[11512003, 1]
 2004[05] (iB)[1510801, 0]
 2004[05] (iB)[1510820, 1]
 2004[02] (ib)[1510800, 2]
 2003[08] (iiB)[11512030, 0, 0]
 2004[12] (iB)[1510800, 0]
 2004[01] (iB)[1510820, 1]
 2004[01] (iB)[1510800, 1]
 2003[11] (bihh)[0, 1510801, 0, 0]
 2003[11] (bihh)[1, 1510820, 0, 1202]

11510001, 0
 0003[00] (bBBi)[-1, 1, 0, 11512002]
 0003[00] (bBBi)[-1, 1, 0, 11512004]
 1000[01] (BBb)[1, 0, -1]
 1000[04] (B)[0]
 0003[00] (bBBi)[1, 1, 0, 11512003]
 0003[00] (bBBi)[1, 0, 0, 11512004]
 0000[00] (bBb)[0, 1, 1]
 0004[00] (biB)[2, 1510800, 1]
 0004[00] (biB)[3, 1510820, 1]
 0000[00] (bBb)[-2, 1, 2]
 0000[00] (bBb)[-2, 1, 3]
 0000[00] (bBb)[0, 1, -2]
 1000[07] (BBb)[4, 0, 2]
 2007[03] (iB)[10010311, 1]
 1001[00] (f)[3.0]
 2003[14] (BBi)[15, 1, -1]
 1000[04] (B)[0]
 2010[02] (iii)[1510820, 5, 777777777]
 2003[11] (bihh)[0, 1510820, 0, 0]
 2004[01] (iB)[1510800, 0]
 1001[00] (f)[3.0]
 2007[02] (B)[9]
 2003[02] (iB)[1903, 1]
 2003[02] (iB)[11512002, 1]
 2004[08] (ii)[10000, 4803]
 1001[00] (f)[5.0]
 2003[14] (BBi)[10, 2, -1]

11510002, 0
 0003[00] (bBBi)[-1, 1, 0, 11512002]
 0003[00] (bBBi)[-1, 1, 0, 11512003]
 1000[01] (BBb)[1, 0, -1]
 1000[04] (B)[0]
 1003[01] (BBBi)[6, 1, 0, 11512004]
 0004[00] (biB)[1, 1510800, 1]
 0003[00] (bBBi)[1, 1, 0, 11515393]
 0003[00] (bBBi)[1, 0, 0, 11512003]
 0000[00] (bBb)[0, 1, 1]
 2003[02] (iB)[11512004, 1]
 2007[03] (iB)[10010312, 1]
 0004[00] (biB)[2, 1510820, 1]
 0004[00] (biB)[2, 1510810, 1]
 0000[00] (bBb)[0, 1, 2]
 2003[11] (bihh)[0, 1510820, 0, 0]
 2010[02] (iii)[10000, 5, 777777777]
 1001[00] (f)[3.0]
 2007[02] (B)[1]
 2003[36] (i)[4610]
 2003[02] (iB)[11512002, 1]
 2006[01] (iB)[1511991, 1]
 2005[03] (iB)[1511992, 0]

11515394, 0
 2000[02] (B)[0]
 0003[00] (bBBi)[1, 0, 0, 11512002]
 0003[00] (bBBi)[1, 1, 0, 11515392]
 1003[05] (Bb)[1, 0]
 0003[00] (bBBi)[1, 1, 0, 11515391]
 0003[02] (bBii)[1, 1, 10000, 1512990]
 0000[00] (bBb)[0, 1, 1]
 2010[03] (iB)[1513800, 1]

11515395, 0
 2000[02] (B)[0]
 0003[00] (bBBi)[1, 1, 0, 11512002]
 0003[00] (bBBi)[1, 1, 0, 11515394]
 0000[00] (bBb)[0, 1, 1]
 2010[03] (iB)[1513800, 0]

11515396, 0
 0004[00] (biB)[1, 1510800, 1]
 0004[00] (biB)[2, 1510810, 1]
 0000[00] (bBb)[-1, 1, 1]
 0000[00] (bBb)[-1, 1, 2]
 0000[00] (bBb)[0, 1, -1]
 1000[07] (BBb)[12, 1, 2]
 1003[05] (Bb)[2, 2]
 2002[03] (iIi)[150121, 0, 10000]
 1000[03] (B)[1]
 2002[03] (iIi)[150121, 2, 10000]
 1001[01] (i)[1]
 2004[05] (iB)[1510800, 0]
 2004[05] (iB)[1510810, 0]
 2004[12] (iB)[1510810, 0]
 2004[04] (iB)[1510810, 0]
 2004[05] (iB)[1510811, 1]
 2003[11] (bihh)[1, 1510811, 0, 2360]
 1000[04] (B)[0]
 1003[05] (Bb)[2, 2]
 2002[03] (iIi)[150120, 0, 10000]
 1000[03] (B)[1]
 2002[03] (iIi)[150120, 2, 10000]
 1001[01] (i)[1]
 2004[05] (iB)[1510810, 0]
 2004[05] (iB)[1510800, 0]
 2004[12] (iB)[1510800, 0]
 2004[04] (iB)[1510800, 0]
 2004[05] (iB)[1510801, 1]
 2003[11] (bihh)[1, 1510801, 1, 5270]

11515397, 0
 0004[02] (bibf)[1, 1510800, 5, 0.0]
 0004[02] (bibf)[2, 1510810, 5, 0.0]
 0000[00] (bBb)[-1, 1, 1]
 0000[00] (bBb)[-1, 1, 2]
 0000[00] (bBb)[0, 1, -1]
 1000[07] (BBb)[2, 1, 2]
 2004[12] (iB)[1510810, 1]
 1000[04] (B)[0]
 2004[12] (iB)[1510800, 1]

11515398, 1
 0004[00] (biB)[1, 1510810, 1]
 1000[02] (BBb)[0, 1, 1]
 0004[07] (biB)[0, 1510810, 1]
 2004[22] (ihhiffBB)[1510810, 2360, 1, 100, 0.0, 0.0, 1, 0]
 2004[25] (iif)[1510810, 2360, 0.0]
 2004[24] (iiii)[1510810, 2360, 50, 50]
 0004[02] (bibf)[0, 1510810, 5, 0.0]
 2004[23] (iiiB)[1510810, 2360, 0, 0]

11515399, 1
 0004[00] (biB)[1, 1510811, 1]
 1000[02] (BBb)[0, 1, 1]
 0004[07] (biB)[0, 1510811, 1]
 2004[22] (ihhiffBB)[1510811, 2360, 1, 100, 0.0, 0.0, 1, 0]
 2004[25] (iif)[1510811, 2360, 0.0]
 2004[24] (iiii)[1510811, 2360, 50, 50]
 0004[02] (bibf)[0, 1510811, 5, 0.0]
 2004[23] (iiiB)[1510811, 2360, 0, 0]

11515060, 1
 0004[00] (biB)[1, 0, 1]
    ^(4 <- 0, 4)
 1000[02] (BBb)[0, 1, 1]
 0004[07] (biB)[0, 0, 1]
    ^(4 <- 0, 4)
 2004[22] (ihhiffBB)[0, 2870, 2, 100, 0.0, 0.0, 1, 0]
    ^(0 <- 0, 4)
 2004[25] (iif)[0, 2870, 0.0]
    ^(0 <- 0, 4)
 2004[24] (iiii)[0, 2870, 50, 50]
    ^(0 <- 0, 4)
 0004[02] (bibf)[0, 0, 5, 0.0]
    ^(4 <- 0, 4)
 2004[23] (iiiB)[0, 2870, 0, 0]
    ^(0 <- 0, 4)

11515080, 1
 2004[05] (iB)[0, 0]
    ^(0 <- 4, 4)
 1003[01] (BBBi)[5, 0, 2, 0]
 2004[26] (iBB)[0, 0, 0]
    ^(0 <- 0, 4)
 2004[27] (iBB)[0, 1, 1]
    ^(0 <- 0, 4)
 2004[08] (ii)[0, 5434]
    ^(0 <- 0, 4)
 2004[17] (iiB)[0, 20, 0]
    ^(0 <- 0, 4)
 1000[04] (B)[0]
 0004[07] (biB)[0, 0, 1]
    ^(4 <- 0, 4)
 2004[22] (ihhiffBB)[0, 5351, 1, 65, 1.0, 1.0, 0, 0]
    ^(0 <- 0, 4)
 0004[06] (biiib)[1, 0, 5351, 0, 5]
    ^(4 <- 0, 4)
 0004[02] (bibf)[2, 0, 5, 0.0]
    ^(4 <- 0, 4)
 0000[00] (bBb)[-1, 1, 1]
 0000[00] (bBb)[-1, 1, 2]
 0000[00] (bBb)[0, 1, -1]
 1000[08] (BBb)[0, 1, 2]
 2004[43] (iB)[0, 0]
    ^(0 <- 0, 4)
 2004[42] (iBiii)[0, 2, 0, 110, 0]
    ^(0 <- 4, 4)
    ^(8 <- 0, 4)
    ^(16 <- 0, 4)
 2004[05] (iB)[0, 1]
    ^(0 <- 4, 4)
 2003[18] (iiBBB)[0, 8000, 0, 0, 0]
    ^(0 <- 0, 4)
 2003[18] (iiBBB)[0, 8100, 0, 0, 0]
    ^(0 <- 4, 4)
 2004[26] (iBB)[0, 0, 0]
    ^(0 <- 0, 4)
 2004[27] (iBB)[0, 1, 1]
    ^(0 <- 0, 4)
 2004[08] (ii)[0, 5434]
    ^(0 <- 0, 4)
 2004[17] (iiB)[0, 20, 0]
    ^(0 <- 0, 4)
 2004[20] (i)[0]
    ^(0 <- 0, 4)
 1000[06] (Bbii)[0, 1, 0, 1510450]
    ^(4 <- 0, 4)
 0004[03] (bib)[-7, 10000, 0]
 0004[03] (bib)[-7, 10000, 8]
 1000[02] (BBb)[0, 0, -7]
 2003[36] (i)[53530000]

11510100, 0
 1003[01] (BBBi)[8, 0, 1, 0]
 2005[08] (ib)[1511100, 1]
 2005[08] (ib)[1511102, 1]
 2005[07] (ii)[1511600, 111]
 2005[07] (ii)[1511101, 0]
 2005[07] (ii)[1511102, 1]
 2005[13] (iB)[1511101, 1]
 2005[04] (iB)[1511600, 1]
 1000[04] (B)[0]
 2005[04] (iB)[1511600, 0]
 1003[05] (Bb)[1, 1]
 2006[04] (iii)[1511600, 90, 99010]
 2003[18] (iiBBB)[1511600, 110, 1, 0, 0]
 0005[00] (bBi)[0, 1, 1511100]
 2003[18] (iiBBB)[1511600, 111, 0, 0, 0]
 2003[18] (iiBBB)[1511101, 0, 0, 0, 0]
 2003[18] (iiBBB)[1511102, 0, 0, 1, 0]
 1003[05] (Bb)[1, 1]
 2006[05] (ii)[1511600, 1]
 2005[04] (iB)[1511600, 1]
 2005[01] (ib)[1511102, 1]

11510110, 0
 1003[01] (BBBi)[2, 0, 1, 0]
 2005[07] (ii)[1511010, 0]
 1000[04] (B)[0]
 0003[05] (biifhfiBi)[0, 0, 1511010, 60.0, 100, 1.5, 10010400, 255, 0]
 2004[41] (iBii)[10000, 0, 1511010, 120]
 2003[18] (iiBBB)[10000, 7120, 0, 0, 0]
 2003[18] (iiBBB)[1511010, 0, 0, 0, 0]

11510200, 0
 1003[01] (BBBi)[4, 0, 1, 0]
 2005[06] (iiB)[1511001, -1, 0]
 2005[07] (ii)[1511000, 0]
 2005[07] (ii)[1511001, 0]
 1000[04] (B)[0]
 0003[00] (bBBi)[1, 0, 0, 11510700]
 0003[05] (biifhfiBi)[1, 0, 1511001, 60.0, 102, 1.5, 10010502, 255, 0]
 0000[00] (bBb)[0, 1, 1]
 2004[41] (iBii)[10000, 0, 1511001, 103]
 2003[18] (iiBBB)[10000, 8021, 0, 0, 0]
 2003[18] (iiBBB)[1511001, 0, 0, 1, 0]
 2003[18] (iiBBB)[1511000, 0, 0, 0, 0]

11510201, 0
 2000[02] (B)[0]
 0003[00] (bBBi)[1, 0, 0, 11510200]
 0003[18] (biifhfiBii)[1, 1, 1512000, 0.0, -1, 0.0, 10010400, 255, 0, 1511000]
 0000[00] (bBb)[0, 1, 1]
 2007[01] (ihhif)[10010160, 1, 6, -1, 3.0]
 1000[04] (B)[1]

11510210, 0
 1003[01] (BBBi)[2, 0, 1, 0]
 2005[07] (ii)[1511200, 0]
 1000[04] (B)[0]
 2003[13] (iIB)[1513200, 1, 0]
 0003[05] (biifhfiBi)[0, 0, 1511200, 60.0, 101, 1.5, 10010400, 255, 0]
 2004[41] (iBii)[10000, 0, 1511200, 121]
 2003[18] (iiBBB)[10000, 7110, 0, 0, 0]
 2003[18] (iiBBB)[1511200, 0, 0, 0, 0]
 2003[13] (iIB)[1513200, 1, 1]

11510211, 0
 2000[02] (B)[0]
 0003[00] (bBBi)[1, 0, 0, 11510210]
 0003[05] (biifhfiBi)[1, 0, 1511200, 60.0, 100, 1.5, 10010400, 255, 0]
 0000[00] (bBb)[0, 1, 1]
 2007[01] (ihhif)[10010161, 1, 6, 1511200, 3.0]
 1000[04] (B)[1]

11510220, 0
 1003[01] (BBBi)[1, 1, 1, 0]
 0003[02] (bBii)[0, 1, 10000, 1512350]
 2003[18] (iiBBB)[1511050, 0, 0, 0, 0]

11510260, 0
 2000[02] (B)[0]
 1003[01] (BBBi)[4, 1, 0, 0]
    ^(4 <- 0, 4)
 0003[02] (bBii)[0, 1, 10000, 0]
    ^(8 <- 4, 4)
 2004[08] (ii)[10000, 4150]
 1001[00] (f)[3.0]
 1000[04] (B)[1]
 0003[02] (bBii)[-1, 1, 10000, 0]
    ^(8 <- 4, 4)
 0003[02] (bBii)[-1, 1, 10000, 0]
    ^(8 <- 8, 4)
 0000[00] (bBb)[0, 1, -1]
 2004[08] (ii)[10000, 4150]
 1001[00] (f)[3.0]
 1000[04] (B)[1]

11510710, 0
 1003[01] (BBBi)[2, 1, 2, 0]
 0005[02] (bi)[0, 0]
    ^(4 <- 0, 4)
 2003[02] (iB)[0, 1]
    ^(0 <- 0, 4)
 2000[02] (B)[0]
 0003[02] (bBii)[-1, 1, 0, 0]
    ^(4 <- 4, 4)
    ^(8 <- 8, 4)
 0003[02] (bBii)[-1, 1, 0, 0]
    ^(4 <- 4, 4)
    ^(8 <- 12, 4)
 0000[00] (bBb)[0, 1, -1]
 2004[08] (ii)[0, 4150]
    ^(0 <- 4, 4)
 1001[00] (f)[3.0]
 1000[04] (B)[1]

11510300, 0
 0003[00] (bBBi)[1, 0, 0, 11510301]
 0003[05] (biifhfiBi)[1, 0, 1511300, 60.0, 102, 1.5, 10010502, 255, 0]
 0003[00] (bBBi)[2, 0, 0, 11510303]
 0003[05] (biifhfiBi)[2, 0, 1511300, 60.0, 104, 1.5, 10010502, 255, 0]
 0003[00] (bBBi)[3, 1, 0, 11510305]
 0003[00] (bBBi)[3, 0, 0, 11510303]
 0003[05] (biifhfiBi)[3, 0, 1511301, 60.0, 192, 1.5, 10010501, 255, 0]
 0003[00] (bBBi)[4, 1, 0, 11510305]
 0003[00] (bBBi)[4, 1, 0, 11510303]
 0003[05] (biifhfiBi)[4, 0, 1511302, 60.0, 192, 1.5, 10010501, 255, 0]
 0003[00] (bBBi)[5, 1, 0, 11510305]
 0003[00] (bBBi)[5, 0, 0, 11510301]
 0003[05] (biifhfiBi)[5, 0, 1511303, 60.0, 192, 1.5, 10010501, 255, 0]
 0003[00] (bBBi)[6, 1, 0, 11510305]
 0003[00] (bBBi)[6, 0, 0, 11510302]
 0003[05] (biifhfiBi)[6, 0, 1511304, 60.0, 192, 1.5, 10010501, 255, 0]
 0000[00] (bBb)[-1, 1, 1]
 0000[00] (bBb)[-1, 1, 2]
 0000[00] (bBb)[-1, 1, 3]
 0000[00] (bBb)[-1, 1, 4]
 0000[00] (bBb)[-1, 1, 5]
 0000[00] (bBb)[-1, 1, 6]
 0000[00] (bBb)[0, 1, -1]
 1000[09] (f)[3.0]
 2003[02] (iB)[11515300, 1]
 1003[01] (BBBi)[20, 1, 0, 11510305]
 2004[41] (iBii)[10000, 0, 1511300, 103]
 2003[18] (iiBBB)[10000, 8021, 0, 0, 0]
 2003[18] (iiBBB)[1511300, 10, 0, 1, 0]
 1003[05] (Bb)[2, 2]
 2002[05] (iIffifi)[150100, 0, 337.5, 255.0, -90, -12.0, 10000]
 1000[03] (B)[4]
 1003[01] (BBBi)[2, 0, 0, 11510304]
 2002[05] (iIffifi)[150100, 2, 337.5, 255.0, -90, -12.0, 10000]
 1000[03] (B)[1]
 2002[03] (iIi)[150100, 2, 10000]
 1001[01] (i)[1]
 2005[07] (ii)[1511300, 0]
 2011[01] (iB)[1513303, 0]
 2011[01] (iB)[1513302, 1]
 2003[02] (iB)[11510303, 0]
 2003[02] (iB)[11510302, 1]
 2003[02] (iB)[11510304, 0]
 2003[02] (iB)[11510305, 1]
 2003[02] (iB)[11515300, 0]
 1000[04] (B)[1]
 1003[01] (BBBi)[33, 0, 0, 11510303]
 1000[07] (BBb)[6, 0, 1]
 2004[41] (iBii)[10000, 0, 1511300, 103]
 2003[18] (iiBBB)[10000, 8021, 0, 0, 0]
 2003[18] (iiBBB)[1511300, 10, 0, 0, 0]
 1001[01] (i)[130]
 0001[01] (bi)[0, 0]
 2000[00] (iII|IIIII)[0, 11515320, 0, 1513303, 1513302, 11510303, 11510302, 180]
 1000[07] (BBb)[7, 0, 4]
 2004[41] (iBii)[10000, 0, 1511302, 191]
 2003[18] (iiBBB)[10000, 8000, 0, 0, 0]
 2003[18] (iiBBB)[1511302, 1, 0, 0, 0]
 2003[18] (iiBBB)[1511300, 10, 0, 0, 0]
 1001[01] (i)[130]
 0001[01] (bi)[0, 0]
 2000[00] (iII|IIIII)[1, 11515320, 0, 1513303, 1513302, 11510303, 11510302, 180]
 1000[07] (BBb)[7, 0, 5]
 2004[41] (iBii)[10000, 0, 1511303, 191]
 2003[18] (iiBBB)[10000, 8000, 0, 0, 0]
 2003[18] (iiBBB)[1511303, 1, 0, 0, 0]
 2003[18] (iiBBB)[1511300, 10, 0, 0, 0]
 1001[01] (i)[130]
 0001[01] (bi)[0, 0]
 2000[00] (iII|IIIIIII)[0, 11515330, 0, 1, 1513301, 11510303, 11510301, 11, 180, 360]
 1000[07] (BBb)[7, 0, 6]
 2004[41] (iBii)[10000, 0, 1511304, 191]
 2003[18] (iiBBB)[10000, 8000, 0, 0, 0]
 2003[18] (iiBBB)[1511304, 1, 0, 0, 0]
 2003[18] (iiBBB)[1511300, 10, 0, 0, 0]
 1001[01] (i)[130]
 0001[01] (bi)[0, 0]
 2000[00] (iII|IIIII)[2, 11515320, 0, 1513303, 1513302, 11510303, 11510302, 180]
 0003[00] (bBBi)[0, 0, 0, 11515300]
 1000[04] (B)[1]
 1003[01] (BBBi)[32, 0, 0, 11510302]
 1000[07] (BBb)[6, 0, 1]
 2004[41] (iBii)[10000, 0, 1511300, 103]
 2003[18] (iiBBB)[10000, 8021, 0, 0, 0]
 2003[18] (iiBBB)[1511300, 11, 0, 0, 0]
 1001[01] (i)[130]
 0001[01] (bi)[0, 0]
 2000[00] (iII|IIIII)[3, 11515320, 1, 1513302, 1513301, 11510302, 11510301, 360]
 1000[07] (BBb)[6, 0, 2]
 2004[41] (iBii)[10000, 0, 1511300, 101]
 2003[18] (iiBBB)[10000, 8020, 0, 0, 0]
 2003[18] (iiBBB)[1511300, 13, 0, 0, 0]
 1001[01] (i)[130]
 0001[01] (bi)[0, 0]
 2000[00] (iII|IIIII)[4, 11515320, 3, 1513302, 1513303, 11510302, 11510303, 180]
 1000[07] (BBb)[7, 0, 3]
 2004[41] (iBii)[10000, 0, 1511301, 191]
 2003[18] (iiBBB)[10000, 8000, 0, 0, 0]
 2003[18] (iiBBB)[1511301, 1, 0, 0, 0]
 2003[18] (iiBBB)[1511300, 13, 0, 0, 0]
 1001[01] (i)[130]
 0001[01] (bi)[0, 0]
 2000[00] (iII|IIIII)[5, 11515320, 3, 1513302, 1513303, 11510302, 11510303, 180]
 1000[07] (BBb)[7, 0, 5]
 2004[41] (iBii)[10000, 0, 1511303, 191]
 2003[18] (iiBBB)[10000, 8000, 0, 0, 0]
 2003[18] (iiBBB)[1511303, 1, 0, 0, 0]
 2003[18] (iiBBB)[1511300, 11, 0, 0, 0]
 1001[01] (i)[130]
 0001[01] (bi)[0, 0]
 2000[00] (iII|IIIII)[6, 11515320, 1, 1513302, 1513301, 11510302, 11510301, 360]
 0003[00] (bBBi)[0, 0, 0, 11515300]
 1000[04] (B)[1]
 1003[01] (BBBi)[25, 0, 0, 11510301]
 1000[07] (BBb)[6, 0, 2]
 2004[41] (iBii)[10000, 0, 1511300, 101]
 2003[18] (iiBBB)[10000, 8020, 0, 0, 0]
 2003[18] (iiBBB)[1511300, 12, 0, 0, 0]
 1001[01] (i)[130]
 0001[01] (bi)[0, 0]
 2000[00] (iII|IIIII)[7, 11515320, 2, 1513301, 1513302, 11510301, 11510302, 360]
 1000[07] (BBb)[7, 0, 3]
 2004[41] (iBii)[10000, 0, 1511301, 191]
 2003[18] (iiBBB)[10000, 8000, 0, 0, 0]
 2003[18] (iiBBB)[1511301, 1, 0, 0, 0]
 2003[18] (iiBBB)[1511300, 12, 0, 0, 0]
 1001[01] (i)[130]
 0001[01] (bi)[0, 0]
 2000[00] (iII|IIIIIII)[1, 11515330, 2, 3, 1513303, 11510301, 11510303, 13, 360, 180]
 1000[07] (BBb)[7, 0, 6]
 2004[41] (iBii)[10000, 0, 1511304, 191]
 2003[18] (iiBBB)[10000, 8000, 0, 0, 0]
 2003[18] (iiBBB)[1511304, 1, 0, 0, 0]
 2003[18] (iiBBB)[1511300, 12, 0, 0, 0]
 1001[01] (i)[130]
 0001[01] (bi)[0, 0]
 2000[00] (iII|IIIII)[8, 11515320, 2, 1513301, 1513302, 11510301, 11510302, 360]
 0003[00] (bBBi)[0, 0, 0, 11515300]
 1000[04] (B)[1]
 2007[01] (ihhif)[10010170, 1, 6, -1, 3.0]
 1000[04] (B)[1]

11510319, 0
 2000[02] (B)[0]
 0003[02] (bBii)[0, 1, 10000, 1512310]
 2003[02] (iB)[11510304, 1]
 0003[02] (bBii)[0, 0, 10000, 1512310]
 2003[02] (iB)[11510304, 0]
 1000[04] (B)[1]

11515320, 0
 2011[01] (iB)[0, 0]
    ^(0 <- 4, 4)
 2005[03] (iB)[1511310, 1]
 2003[18] (iiBBB)[1511300, 0, 0, 0, 0]
    ^(4 <- 0, 4)
 2003[18] (iiBBB)[1511310, 0, 0, 0, 0]
    ^(4 <- 0, 4)
 1001[01] (i)[0]
    ^(0 <- 20, 4)
 0001[00] (bf)[0, 0.0]
 2005[03] (iB)[1511310, 0]
 2011[01] (iB)[0, 1]
    ^(0 <- 8, 4)
 2003[02] (iB)[0, 0]
    ^(0 <- 12, 4)
 2003[02] (iB)[0, 1]
    ^(0 <- 16, 4)
 2003[02] (iB)[11515301, 1]
 1003[05] (Bb)[1, 3]
 1001[00] (f)[2.0]
 2003[02] (iB)[11515300, 0]

11515330, 0
 2011[01] (iB)[1513301, 0]
 2011[01] (iB)[1513302, 0]
 2011[01] (iB)[1513303, 0]
 2005[03] (iB)[1511310, 1]
 2003[18] (iiBBB)[1511300, 0, 0, 0, 0]
    ^(4 <- 0, 4)
 2003[18] (iiBBB)[1511310, 0, 0, 0, 0]
    ^(4 <- 0, 4)
 1001[01] (i)[0]
    ^(0 <- 24, 4)
 0001[00] (bf)[0, 0.0]
 2003[18] (iiBBB)[1511300, 0, 0, 0, 0]
    ^(4 <- 20, 4)
 1001[01] (i)[130]
 0001[00] (bf)[0, 0.0]
 2003[18] (iiBBB)[1511300, 0, 0, 0, 0]
    ^(4 <- 4, 4)
 2003[18] (iiBBB)[1511310, 0, 0, 0, 0]
    ^(4 <- 4, 4)
 1001[01] (i)[0]
    ^(0 <- 28, 4)
 0001[00] (bf)[0, 0.0]
 2005[03] (iB)[1511310, 0]
 2011[01] (iB)[0, 1]
    ^(0 <- 8, 4)
 2003[02] (iB)[0, 0]
    ^(0 <- 12, 4)
 2003[02] (iB)[0, 1]
    ^(0 <- 16, 4)
 2003[02] (iB)[11515301, 1]
 1003[05] (Bb)[1, 3]
 1001[00] (f)[2.0]
 2003[02] (iB)[11515300, 0]

11510340, 0
 1003[01] (BBBi)[8, 0, 0, 11515300]
 2011[01] (iB)[1513310, 1]
 2003[13] (iIB)[1513350, 1, 0]
 2003[13] (iIB)[1513351, 1, 0]
 2003[13] (iIB)[1513352, 1, 0]
 2003[13] (iIB)[1513353, 1, 0]
 2003[13] (iIB)[1513354, 1, 0]
 0003[00] (bBBi)[0, 0, 0, 11515300]
 1000[04] (B)[1]
 1003[01] (BBBi)[8, 0, 0, 11510303]
 2011[01] (iB)[1513310, 1]
 2003[13] (iIB)[1513350, 1, 1]
 2003[13] (iIB)[1513351, 1, 0]
 2003[13] (iIB)[1513352, 1, 0]
 2003[13] (iIB)[1513353, 1, 0]
 2003[13] (iIB)[1513354, 1, 0]
 0003[00] (bBBi)[0, 1, 0, 11515300]
 1000[04] (B)[1]
 1003[01] (BBBi)[8, 0, 0, 11510302]
 2011[01] (iB)[1513310, 0]
 2003[13] (iIB)[1513350, 1, 0]
 2003[13] (iIB)[1513351, 1, 1]
 2003[13] (iIB)[1513352, 1, 1]
 2003[13] (iIB)[1513353, 1, 1]
 2003[13] (iIB)[1513354, 1, 0]
 0003[00] (bBBi)[0, 1, 0, 11515300]
 1000[04] (B)[1]
 1003[01] (BBBi)[8, 0, 0, 11510301]
 2011[01] (iB)[1513310, 1]
 2003[13] (iIB)[1513350, 1, 0]
 2003[13] (iIB)[1513351, 1, 0]
 2003[13] (iIB)[1513352, 1, 0]
 2003[13] (iIB)[1513353, 1, 1]
 2003[13] (iIB)[1513354, 1, 1]
 0003[00] (bBBi)[0, 1, 0, 11515300]
 1000[04] (B)[1]
 2007[01] (ihhif)[10010105, 1, 6, -1, 3.0]
 1000[04] (B)[1]

11510350, 0
 0003[06] (bb)[1, 0]
 0003[00] (bBBi)[1, 1, 0, 11515301]
 0003[00] (bBBi)[1, 1, 0, 11510301]
 0003[06] (bb)[2, 0]
 0003[00] (bBBi)[2, 1, 0, 11515301]
 0003[00] (bBBi)[2, 1, 0, 11510302]
 0003[06] (bb)[3, 0]
 0003[00] (bBBi)[3, 1, 0, 11515301]
 0003[00] (bBBi)[3, 1, 0, 11510303]
 0000[00] (bBb)[-1, 1, 1]
 0000[00] (bBb)[-1, 1, 2]
 0000[00] (bBb)[-1, 1, 3]
 0000[00] (bBb)[0, 1, -1]
 2003[02] (iB)[11515301, 0]
 1003[06] (Bb)[1, 3]
 1000[07] (BBb)[6, 0, 1]
 2003[02] (iB)[11510301, 1]
 2003[02] (iB)[11510302, 0]
 2003[02] (iB)[11510303, 0]
 2005[07] (ii)[1511300, 51]
 2011[01] (iB)[1513301, 1]
 1000[04] (B)[1]
 1000[07] (BBb)[6, 0, 2]
 2003[02] (iB)[11510301, 0]
 2003[02] (iB)[11510302, 1]
 2003[02] (iB)[11510303, 0]
 2005[07] (ii)[1511300, 50]
 2011[01] (iB)[1513302, 1]
 1000[04] (B)[1]
 2003[02] (iB)[11510301, 0]
 2003[02] (iB)[11510302, 0]
 2003[02] (iB)[11510303, 1]
 2005[07] (ii)[1511300, 53]
 2011[01] (iB)[1513303, 1]
 1000[04] (B)[1]

11510310, 0
 2000[02] (B)[0]
 0003[00] (bBBi)[1, 1, 0, 11510301]
 0003[05] (biifhfiBi)[1, 0, 1511300, 60.0, 102, 1.5, 10010502, 255, 0]
 0003[00] (bBBi)[2, 1, 0, 11510303]
 0003[05] (biifhfiBi)[2, 0, 1511300, 60.0, 104, 1.5, 10010502, 255, 0]
 0003[00] (bBBi)[-2, 0, 0, 11510305]
 0003[00] (bBBi)[-2, 1, 0, 11510303]
 0000[00] (bBb)[3, 1, -2]
 0003[05] (biifhfiBi)[3, 0, 1511301, 60.0, 192, 1.5, 10010501, 255, 0]
 0003[00] (bBBi)[-3, 0, 0, 11510305]
 0003[00] (bBBi)[-3, 0, 0, 11510303]
 0000[00] (bBb)[4, 1, -3]
 0003[05] (biifhfiBi)[4, 0, 1511302, 60.0, 192, 1.5, 10010501, 255, 0]
 0003[00] (bBBi)[-4, 0, 0, 11510305]
 0003[00] (bBBi)[-4, 1, 0, 11510301]
 0000[00] (bBb)[5, 1, -4]
 0003[05] (biifhfiBi)[5, 0, 1511303, 60.0, 192, 1.5, 10010501, 255, 0]
 0003[00] (bBBi)[-5, 0, 0, 11510305]
 0003[00] (bBBi)[-5, 1, 0, 11510302]
 0000[00] (bBb)[6, 1, -5]
 0003[05] (biifhfiBi)[6, 0, 1511304, 60.0, 192, 1.5, 10010501, 255, 0]
 0003[00] (bBBi)[7, 1, 0, 11515300]
 0000[00] (bBb)[-1, 1, 1]
 0000[00] (bBb)[-1, 1, 2]
 0000[00] (bBb)[-1, 1, 3]
 0000[00] (bBb)[-1, 1, 4]
 0000[00] (bBb)[-1, 1, 5]
 0000[00] (bBb)[-1, 1, 6]
 0000[00] (bBb)[-1, 1, 7]
 0000[00] (bBb)[0, 1, -1]
 1000[07] (BBb)[2, 1, 7]
 2007[01] (ihhif)[10010170, 1, 6, -1, 3.0]
 1000[04] (B)[1]
 0003[00] (bBBi)[0, 0, 0, 11515300]
 1000[04] (B)[1]

11510400, 0
 2012[01] (iB)[1513401, 0]
 1003[01] (BBBi)[7, 0, 1, 0]
 2010[03] (iB)[1513801, 0]
 2003[19] (hh)[15, 1]
 2008[03] (BBH)[15, 1, 1]
 2012[01] (iB)[1513400, 0]
 2012[01] (iB)[1513401, 1]
 2005[03] (iB)[1511400, 0]
 1000[04] (B)[0]
 2004[05] (iB)[1510600, 1]
 0004[00] (biB)[1, 1510600, 1]
 0003[03] (bBiif)[1, 1, 1510600, 10000, 15.0]
 0000[00] (bBb)[0, 1, 1]
 1001[00] (f)[3.0]
 2010[03] (iB)[1513801, 0]
 2003[02] (iB)[743, 1]
 0004[03] (bib)[-1, 10000, 0]
 0004[03] (bib)[-1, 10000, 8]
 0000[00] (bBb)[1, 1, -1]
 0004[12] (bB)[1, 2]
 1000[01] (BBb)[4, 0, 1]
 2004[38] (B)[0]
 2004[46] (B)[0]
 2003[02] (iB)[742, 1]
 2000[05] (B)[0]
 2003[02] (iB)[120, 0]
 1003[01] (BBBi)[2, 1, 0, 11510900]
 2002[03] (iIi)[150110, 0, 10000]
 1000[03] (B)[1]
 2002[03] (iIi)[150111, 0, 10000]
 1001[01] (i)[1]
 2003[19] (hh)[15, 1]
 2008[03] (BBH)[15, 1, 1]
 2012[01] (iB)[1513400, 0]
 2012[01] (iB)[1513401, 1]
 2005[03] (iB)[1511400, 0]
 0003[04] (bBiB)[2, 3, 2510, 1]
 1000[02] (BBb)[0, 1, 2]
 2003[36] (i)[1090]

11510401, 0
 1003[01] (BBBi)[2, 0, 1, 0]
 2005[03] (iB)[1511400, 0]
 1000[04] (B)[0]
 2005[13] (iB)[1511400, 1]
 0003[00] (bBBi)[1, 1, 0, 11510400]
 0003[03] (bBiif)[1, 1, 1511400, 10000, 15.0]
 0003[06] (bb)[2, 0]
 0004[05] (biiB)[2, 10000, 2310, 1]
 0003[03] (bBiif)[2, 1, 1511400, 10000, 15.0]
 0000[00] (bBb)[-1, 1, 1]
 0000[00] (bBb)[-1, 1, 2]
 0000[00] (bBb)[0, 1, -1]
 2005[13] (iB)[1511400, 0]
 2005[01] (ib)[1511400, 1]
 2003[18] (iiBBB)[1511400, 0, 0, 0, 0]
 2010[02] (iii)[1511400, 3, 590000000]

11510450, 1
 0004[08] (biiB)[0, 1510650, 600, 0]
 0004[08] (biiB)[0, 1510650, 600, 1]
 2004[05] (iB)[1510650, 0]
 1001[00] (f)[1.0]
 1003[01] (BBBi)[2, 1, 0, 11515110]
 2000[00] (iII|I)[0, 11515110, 1512710, 11515110]
 1000[04] (B)[1]
 1003[01] (BBBi)[2, 1, 0, 11515111]
 2000[00] (iII|I)[1, 11515110, 1512711, 11515111]
 1000[04] (B)[1]
 1003[01] (BBBi)[2, 1, 0, 11515112]
 2000[00] (iII|I)[2, 11515110, 1512712, 11515112]
 1000[04] (B)[1]
 1003[01] (BBBi)[2, 1, 0, 11515113]
 2000[00] (iII|I)[3, 11515110, 1512713, 11515113]
 1000[04] (B)[1]
 1003[01] (BBBi)[2, 1, 0, 11515114]
 2000[00] (iII|I)[4, 11515110, 1512714, 11515114]
 1000[04] (B)[1]
 1003[01] (BBBi)[2, 1, 0, 11515115]
 2000[00] (iII|I)[5, 11515110, 1512715, 11515115]
 1000[04] (B)[1]
 1003[01] (BBBi)[2, 1, 0, 11515116]
 2000[00] (iII|I)[6, 11515110, 1512716, 11515116]
 1000[04] (B)[1]
 1003[01] (BBBi)[2, 1, 0, 11515117]
 2000[00] (iII|I)[7, 11515110, 1512717, 11515117]
 1000[04] (B)[1]
 1003[01] (BBBi)[2, 1, 0, 11515118]
 2000[00] (iII|I)[8, 11515110, 1512718, 11515118]
 1000[04] (B)[1]
 1003[01] (BBBi)[2, 1, 0, 11515119]
 2000[00] (iII|I)[9, 11515110, 1512719, 11515119]
 1000[04] (B)[1]
 1003[01] (BBBi)[2, 1, 0, 11515120]
 2000[00] (iII|I)[10, 11515110, 1512720, 11515120]
 1000[04] (B)[1]
 1003[01] (BBBi)[2, 1, 0, 11515121]
 2000[00] (iII|I)[11, 11515110, 1512721, 11515121]
 1000[04] (B)[1]
 1003[01] (BBBi)[2, 1, 0, 11515122]
 2000[00] (iII|I)[12, 11515110, 1512722, 11515122]
 1000[04] (B)[1]
 1003[01] (BBBi)[2, 1, 0, 11515123]
 2000[00] (iII|I)[13, 11515110, 1512723, 11515123]
 1000[04] (B)[1]
 1003[01] (BBBi)[2, 1, 0, 11515124]
 2000[00] (iII|I)[14, 11515110, 1512724, 11515124]
 1000[04] (B)[1]
 1003[01] (BBBi)[2, 1, 0, 11515125]
 2000[00] (iII|I)[15, 11515110, 1512725, 11515125]
 1000[04] (B)[1]
 1003[01] (BBBi)[2, 1, 0, 11515126]
 2000[00] (iII|I)[16, 11515110, 1512726, 11515126]
 1000[04] (B)[1]
 1003[01] (BBBi)[2, 1, 0, 11515127]
 2000[00] (iII|I)[17, 11515110, 1512727, 11515127]
 1000[04] (B)[1]
 1003[01] (BBBi)[2, 1, 0, 11515128]
 2000[00] (iII|I)[18, 11515110, 1512728, 11515128]
 1000[04] (B)[1]
 1003[01] (BBBi)[2, 1, 0, 11515129]
 2000[00] (iII|I)[19, 11515110, 1512729, 11515129]
 1000[04] (B)[1]
 1003[01] (BBBi)[2, 1, 0, 11515130]
 2000[00] (iII|I)[20, 11515110, 1512730, 11515130]
 1000[04] (B)[1]
 1003[01] (BBBi)[2, 1, 0, 11515131]
 2000[00] (iII|I)[21, 11515110, 1512731, 11515131]
 1000[04] (B)[1]
 1003[01] (BBBi)[2, 1, 0, 11515132]
 2000[00] (iII|I)[22, 11515110, 1512732, 11515132]
 1000[04] (B)[1]
 1003[01] (BBBi)[2, 1, 0, 11515133]
 2000[00] (iII|I)[23, 11515110, 1512733, 11515133]
 1000[04] (B)[1]
 1003[01] (BBBi)[2, 1, 0, 11515134]
 2000[00] (iII|I)[24, 11515110, 1512734, 11515134]
 1000[04] (B)[1]
 1003[01] (BBBi)[2, 1, 0, 11515135]
 2000[00] (iII|I)[25, 11515110, 1512735, 11515135]
 1000[04] (B)[1]
 1003[01] (BBBi)[2, 1, 0, 11515136]
 2000[00] (iII|I)[26, 11515110, 1512736, 11515136]
 1000[04] (B)[1]
 1003[01] (BBBi)[2, 1, 0, 11515137]
 2000[00] (iII|I)[27, 11515110, 1512737, 11515137]
 1000[04] (B)[1]
 1003[01] (BBBi)[2, 1, 0, 11515138]
 2000[00] (iII|I)[28, 11515110, 1512738, 11515138]
 1000[04] (B)[1]
 1003[01] (BBBi)[2, 1, 0, 11515139]
 2000[00] (iII|I)[29, 11515110, 1512739, 11515139]
 1000[04] (B)[1]

11515110, 2
 2004[41] (iBii)[1510650, 1, 0, -1]
    ^(8 <- 0, 4)
 2004[05] (iB)[1510650, 1]
 2004[20] (i)[1510650]
 2003[18] (iiBBB)[1510650, 7000, 0, 1, 0]
 2003[02] (iB)[0, 1]
    ^(0 <- 4, 4)
 1003[01] (BBBi)[2, 0, 0, 11515132]
 2004[17] (iiB)[1510650, 1, 0]
 2004[20] (i)[1510650]

11510230, 0
 0003[05] (biifhfiBi)[0, 1, 1512510, 0.0, -1, 0.0, 10010100, 48, 0]
 0003[06] (bb)[1, 3]
 0003[06] (bb)[1, 0]
 0003[04] (bBiB)[1, 3, 384, 1]
 1000[01] (BBb)[3, 1, 1]
 1003[05] (Bb)[1, 1]
 2007[01] (ihhif)[10010170, 1, 6, -1, 3.0]
 1000[04] (B)[1]
 2002[04] (iIiBBi)[150135, 0, 1102510, 11, 0, 10000]
 1001[01] (i)[1]
 2003[23] (i)[1102511]
 2000[05] (B)[0]
 1000[04] (B)[1]

11510240, 0
 1003[06] (Bb)[0, 1]
 0003[08] (bBBB)[0, 1, 15, 1]
 0001[00] (bf)[0, 5.0]
 0003[00] (bBBi)[2, 0, 0, 11515050]
 0003[05] (biifhfiBi)[2, 2, 1510100, 180.0, -1, 7.0, 10010200, 48, 0]
 0000[00] (bBb)[0, 1, 2]
 1003[05] (Bb)[2, 3]
 2007[01] (ihhif)[10010170, 1, 6, -1, 3.0]
 1000[04] (B)[1]
 1003[01] (BBBi)[2, 1, 0, 11510400]
 2002[04] (iIiBBi)[150130, 0, 1502500, 15, 0, 10000]
 1000[03] (B)[1]
 2002[04] (iIiBBi)[150132, 0, 1502500, 15, 0, 10000]
 1001[01] (i)[1]
 1000[04] (B)[1]

11515050, 0
 1003[01] (BBBi)[2, 0, 1, 0]
 2004[05] (iB)[1510100, 0]
 1000[04] (B)[0]
 2004[12] (iB)[1510100, 0]
 2004[09] (iiiiii)[1510100, 9000, -1, -1, -1, -1]
 0004[01] (bii)[-1, 1510100, 10000]
 0003[00] (bBBi)[-1, 1, 0, 11515050]
 0000[00] (bBb)[0, 1, -1]
 2003[02] (iB)[11515050, 1]
 2004[43] (iB)[1510100, 1]
 2003[18] (iiBBB)[1510100, 9060, 0, 1, 0]
 2004[05] (iB)[1510100, 0]

11510120, 0
 2000[02] (B)[0]
 1003[06] (Bb)[0, 1]
 0003[00] (bBBi)[1, 1, 0, 743]
 0003[00] (bBBi)[1, 1, 0, 12]
 0003[00] (bBBi)[1, 0, 0, 11510900]
 0003[00] (bBBi)[1, 1, 0, 11510400]
 0003[02] (bBii)[-1, 1, 10000, 1512400]
 0011[02] (bi)[-1, 1513405]
 0011[02] (bi)[-1, 1513100]
 0000[00] (bBb)[1, 1, -1]
 0000[00] (bBb)[0, 1, 1]
 2004[08] (ii)[10000, 4501]
 1001[01] (i)[10]
 1000[04] (B)[1]

11510130, 1
 1003[01] (BBBi)[5, 1, 0, 11510400]
 2004[05] (iB)[6640, 0]
 2004[05] (iB)[6650, 0]
 0003[00] (bBBi)[0, 1, 0, 11510400]
 2004[05] (iB)[6640, 1]
 2004[05] (iB)[6650, 1]
 2004[05] (iB)[1510500, 0]
 2004[05] (iB)[1510450, 0]
 2004[05] (iB)[1510452, 0]
 2004[05] (iB)[1510110, 0]
 2004[05] (iB)[1510111, 0]
 2004[05] (iB)[1510112, 0]
 2004[05] (iB)[1510113, 0]
 2004[05] (iB)[1510114, 0]
 2004[05] (iB)[1510115, 0]
 2004[05] (iB)[1510116, 0]
 2004[05] (iB)[1510117, 0]
 2004[05] (iB)[1510118, 0]
 2004[05] (iB)[1510119, 0]
 2004[05] (iB)[1510400, 0]
 2004[05] (iB)[1510401, 0]
 2004[05] (iB)[1510402, 0]
 2004[05] (iB)[1510403, 0]
 2004[05] (iB)[1510404, 0]
 2004[05] (iB)[1510405, 0]
 2004[05] (iB)[1510406, 0]
 2004[05] (iB)[1510407, 0]
 2004[05] (iB)[1510408, 0]
 2004[05] (iB)[1510409, 0]
 2004[05] (iB)[1510410, 0]
 2004[05] (iB)[1510411, 0]
 2004[05] (iB)[1510412, 0]
 2004[05] (iB)[1510413, 0]
 1003[02] (BBBi)[0, 1, 0, 1034]
 2004[42] (iBiii)[6010, 1, 1512450, -1, 1510452]
 2004[13] (ii)[6010, 1512450]
 2004[09] (iiiiii)[6010, -1, -1, -1, -1, -1]

11510131, 0
 1003[06] (Bb)[0, 1]
 0003[00] (bBBi)[1, 1, 0, 11510400]
 0003[08] (bBBB)[1, 1, 15, 1]
 0003[06] (bb)[1, 0]
 0004[00] (biB)[1, 10000, 1]
 0000[00] (bBb)[0, 1, 1]
 2003[23] (i)[1512960]
 2000[05] (B)[0]

11510140, 0
 0003[00] (bBBi)[0, 1, 0, 11510900]
 2003[35] (ii)[1512420, 1512421]

11510150, 0
 2000[02] (B)[0]
 0003[06] (bb)[1, 0]
 0003[04] (bBiB)[1, 3, 115, 1]
 0003[02] (bBii)[1, 1, 10000, 1512101]
 0000[00] (bBb)[0, 1, 1]
 1000[04] (B)[0]

11510460, 0
 0003[00] (bBBi)[-7, 1, 0, 11510593]
 0004[03] (bib)[-7, 10000, 0]
 0004[03] (bib)[-7, 10000, 8]
 0000[00] (bBb)[1, 1, -7]
 0003[00] (bBBi)[1, 0, 0, 11515352]
 0003[00] (bBBi)[1, 0, 0, 11515350]
 0003[00] (bBBi)[1, 0, 0, 743]
 0003[00] (bBBi)[1, 1, 0, 1240]
 0003[05] (biifhfiBi)[1, 1, 1512410, 0.0, -1, 0.0, 10010210, 48, 0]
 0000[00] (bBb)[2, 1, -7]
 0003[00] (bBBi)[2, 1, 0, 11515352]
 0003[00] (bBBi)[2, 0, 0, 11515350]
 0000[00] (bBb)[3, 1, -7]
 0003[00] (bBBi)[3, 1, 0, 11515352]
 0003[00] (bBBi)[3, 1, 0, 11515350]
 0003[06] (bb)[3, 0]
 0003[02] (bBii)[3, 0, 10000, 1512410]
 0000[00] (bBb)[-1, 1, 1]
 0000[00] (bBb)[-1, 1, 2]
 0000[00] (bBb)[-1, 1, 3]
 0000[00] (bBb)[0, 1, -1]
 1000[07] (BBb)[10, 0, 1]
 2004[08] (ii)[10000, 4170]
 1003[05] (Bb)[1, 1]
 2004[14] (ii)[10000, 1512897]
 2003[02] (iB)[11515350, 1]
 1003[05] (Bb)[1, 0]
 1003[01] (BBBi)[1, 0, 1, 0]
 2003[18] (iiBBB)[10000, 7895, 0, 1, 0]
 2003[18] (iiBBB)[10000, 7896, 1, 0, 0]
 2003[02] (iB)[11515352, 1]
 1000[04] (B)[1]
 2004[21] (ii)[10000, 4170]
 2003[02] (iB)[11515350, 0]
 1003[05] (Bb)[1, 0]
 1003[01] (BBBi)[2, 0, 1, 0]
 1000[07] (BBb)[1, 1, 3]
 2003[18] (iiBBB)[10000, 7897, 0, 1, 0]
 2003[02] (iB)[11515352, 0]
 1000[04] (B)[1]

11510462, 0
 2000[02] (B)[0]
 1001[01] (i)[2]
 2003[02] (iB)[11510460, 1]

11510860, 1
 1003[01] (BBBi)[3, 0, 2, 0]
 2004[05] (iB)[0, 0]
    ^(0 <- 0, 4)
 2004[04] (iB)[0, 0]
    ^(0 <- 0, 4)
 1000[04] (B)[0]
 0004[00] (biB)[0, 0, 1]
    ^(4 <- 0, 4)
 1000[06] (Bbii)[0, 0, 0, 0]
    ^(4 <- 4, 4)
 0004[03] (bib)[-7, 10000, 0]
 0004[03] (bib)[-7, 10000, 8]
 1000[02] (BBb)[0, 0, -7]
 2003[36] (i)[0]
    ^(0 <- 4, 4)

11510461, 0
 0003[00] (bBBi)[0, 1, 0, 11515351]
 2004[08] (ii)[10000, 4170]
 2004[14] (ii)[10000, 1510600]
 2003[18] (iiBBB)[10000, 7895, 0, 1, 0]
 2003[18] (iiBBB)[10000, 7896, 1, 0, 0]
 0003[00] (bBBi)[0, 0, 0, 11515351]
 2004[21] (ii)[10000, 4170]
 2003[18] (iiBBB)[10000, 7897, 0, 1, 0]
 1000[04] (B)[1]

11510600, 0
 1003[01] (BBBi)[4, 0, 2, 0]
 2005[07] (ii)[0, 0]
    ^(0 <- 0, 4)
 2005[06] (iiB)[0, -1, 0]
    ^(0 <- 0, 4)
 2005[04] (iB)[0, 1]
    ^(0 <- 0, 4)
 1000[04] (B)[0]
 2005[04] (iB)[0, 0]
    ^(0 <- 0, 4)
 0005[02] (bi)[0, 0]
    ^(4 <- 4, 4)
 1001[01] (i)[10]
 2005[04] (iB)[0, 1]
    ^(0 <- 0, 4)

11515200, 1
 0004[02] (bibf)[1, 0, 2, 0.0]
    ^(4 <- 0, 4)
 0004[07] (biB)[1, 0, 1]
    ^(4 <- 0, 4)
 0004[05] (biiB)[1, 0, 5421, 1]
    ^(4 <- 0, 4)
 0004[03] (bib)[2, 10000, 2]
 0000[00] (bBb)[1, 0, 2]
 0003[05] (biifhfiBi)[1, 2, 0, 45.0, 7, 1.2000000476837158, 10010400, 255, 0]
    ^(8 <- 0, 4)
 0000[00] (bBb)[0, 1, 1]
 2004[42] (iBiii)[10000, 2, 0, 100, 0]
    ^(8 <- 0, 4)
    ^(16 <- 0, 4)
 2003[18] (iiBBB)[10000, 7521, 0, 0, 0]
 2004[17] (iiB)[0, 10, 0]
    ^(0 <- 0, 4)
 2004[20] (i)[0]
    ^(0 <- 0, 4)
 1001[00] (f)[0.10000000149011612]
 2004[17] (iiB)[0, -1, 0]
    ^(0 <- 0, 4)
 1000[04] (B)[1]

11515210, 1
 0004[05] (biiB)[1, 0, 5420, 0]
    ^(4 <- 0, 4)
 0004[01] (bii)[1, 0, 10000]
    ^(4 <- 0, 4)
 0000[00] (bBb)[0, 1, 1]
 2004[21] (ii)[0, 3150]
    ^(0 <- 0, 4)
 2004[21] (ii)[0, 3151]
    ^(0 <- 0, 4)
 0004[07] (biB)[7, 0, 0]
    ^(4 <- 0, 4)
 1000[02] (BBb)[1, 1, 7]
 0004[05] (biiB)[2, 0, 5421, 1]
    ^(4 <- 0, 4)
 1000[01] (BBb)[1, 0, 2]
 2003[18] (iiBBB)[0, 3001, 0, 1, 0]
    ^(0 <- 0, 4)
 0004[05] (biiB)[3, 0, 5422, 1]
    ^(4 <- 0, 4)
 1000[01] (BBb)[1, 0, 3]
 2003[18] (iiBBB)[0, 3001, 0, 1, 0]
    ^(0 <- 0, 4)
 0004[05] (biiB)[4, 0, 5423, 1]
    ^(4 <- 0, 4)
 1000[01] (BBb)[1, 0, 4]
 2003[18] (iiBBB)[0, 3001, 0, 1, 0]
    ^(0 <- 0, 4)
 0004[05] (biiB)[5, 0, 5424, 1]
    ^(4 <- 0, 4)
 1000[01] (BBb)[1, 0, 5]
 2003[18] (iiBBB)[0, 3006, 0, 1, 0]
    ^(0 <- 0, 4)
 2004[20] (i)[0]
    ^(0 <- 0, 4)
 2004[21] (ii)[0, 3150]
    ^(0 <- 0, 4)
 2004[21] (ii)[0, 3151]
    ^(0 <- 0, 4)
 1000[04] (B)[1]

11515220, 1
 0004[05] (biiB)[1, 0, 5421, 1]
    ^(4 <- 0, 4)
 0004[05] (biiB)[1, 0, 3150, 1]
    ^(4 <- 0, 4)
 0004[05] (biiB)[2, 0, 5420, 1]
    ^(4 <- 0, 4)
 0004[05] (biiB)[2, 0, 3150, 1]
    ^(4 <- 0, 4)
 0000[00] (bBb)[-1, 1, 1]
 0000[00] (bBb)[-1, 1, 2]
 0000[00] (bBb)[0, 1, -1]
 1000[07] (BBb)[5, 1, 2]
 2004[17] (iiB)[0, 200, 0]
    ^(0 <- 0, 4)
 2004[20] (i)[0]
    ^(0 <- 0, 4)
 1001[00] (f)[0.10000000149011612]
 2004[17] (iiB)[0, -1, 0]
    ^(0 <- 0, 4)
 1000[03] (B)[4]
 2004[17] (iiB)[0, 210, 0]
    ^(0 <- 0, 4)
 2004[20] (i)[0]
    ^(0 <- 0, 4)
 1001[00] (f)[0.10000000149011612]
 2004[17] (iiB)[0, -1, 0]
    ^(0 <- 0, 4)
 0004[05] (biiB)[-2, 0, 5420, 1]
    ^(4 <- 0, 4)
 0004[05] (biiB)[-2, 0, 5421, 1]
    ^(4 <- 0, 4)
 0000[00] (bBb)[0, 1, -2]
 1000[04] (B)[1]

11515230, 1
 0004[05] (biiB)[1, 0, 5422, 1]
    ^(4 <- 0, 4)
 0004[05] (biiB)[1, 0, 3150, 0]
    ^(4 <- 0, 4)
 0004[05] (biiB)[2, 0, 5423, 1]
    ^(4 <- 0, 4)
 0004[05] (biiB)[2, 0, 3150, 0]
    ^(4 <- 0, 4)
 0000[00] (bBb)[-1, 1, 1]
 0000[00] (bBb)[-1, 1, 2]
 0000[00] (bBb)[0, 1, -1]
 2004[21] (ii)[0, 3150]
    ^(0 <- 0, 4)
 2004[21] (ii)[0, 3151]
    ^(0 <- 0, 4)
 1000[07] (BBb)[5, 1, 2]
 2004[17] (iiB)[0, 201, 0]
    ^(0 <- 0, 4)
 2004[20] (i)[0]
    ^(0 <- 0, 4)
 1001[00] (f)[0.10000000149011612]
 2004[17] (iiB)[0, -1, 0]
    ^(0 <- 0, 4)
 1000[03] (B)[4]
 2004[17] (iiB)[0, 211, 0]
    ^(0 <- 0, 4)
 2004[20] (i)[0]
    ^(0 <- 0, 4)
 1001[00] (f)[0.10000000149011612]
 2004[17] (iiB)[0, -1, 0]
    ^(0 <- 0, 4)
 0004[05] (biiB)[-2, 0, 5420, 1]
    ^(4 <- 0, 4)
 0004[05] (biiB)[-2, 0, 5421, 1]
    ^(4 <- 0, 4)
 0000[00] (bBb)[0, 1, -2]
 1000[04] (B)[1]

11515240, 1
 0003[06] (bb)[1, 3]
 0003[02] (bBii)[1, 1, 0, 0]
    ^(4 <- 0, 4)
    ^(8 <- 4, 4)
 0004[07] (biB)[1, 0, 0]
    ^(4 <- 0, 4)
 0000[00] (bBb)[0, 1, 1]
 2004[08] (ii)[0, 5421]
    ^(0 <- 0, 4)
 2004[16] (i)[0]
    ^(0 <- 0, 4)
 2004[20] (i)[0]
    ^(0 <- 0, 4)
 2004[41] (iBii)[0, 1, 0, -1]
    ^(0 <- 0, 4)
    ^(8 <- 4, 4)
 0004[07] (biB)[0, 0, 1]
    ^(4 <- 0, 4)
 1000[04] (B)[1]

11510850, 1
 1003[01] (BBBi)[2, 0, 2, 0]
 2004[05] (iB)[0, 0]
    ^(0 <- 0, 4)
 1000[04] (B)[0]
 0004[00] (biB)[0, 0, 1]
    ^(4 <- 0, 4)
 1000[04] (B)[0]

11515190, 1
 1003[06] (Bb)[0, 0]
 0004[07] (biB)[1, 0, 0]
    ^(4 <- 0, 4)
 1000[02] (BBb)[0, 1, 1]
 2004[43] (iB)[0, 1]
    ^(0 <- 0, 4)
 2003[18] (iiBBB)[0, 0, 0, 0, 0]
    ^(0 <- 0, 4)
 2004[20] (i)[0]
    ^(0 <- 0, 4)

11515250, 1
 1003[02] (BBBi)[0, 1, 1, 0]
 2004[01] (iB)[1510310, 0]
 0003[02] (bBii)[1, 1, 10000, 1512050]
 0004[01] (bii)[2, 1510310, 10000]
 0000[00] (bBb)[-1, 1, 1]
 0000[00] (bBb)[-1, 1, 2]
 0000[00] (bBb)[0, 1, -1]
 1000[07] (BBb)[1, 1, 2]
 2003[18] (iiBBB)[1510310, 500, 0, 0, 0]
 2004[01] (iB)[1510310, 1]

11515251, 1
 1003[02] (BBBi)[0, 1, 1, 0]
 2004[01] (iB)[1510305, 0]
 0003[02] (bBii)[-1, 1, 10000, 1512060]
 0004[01] (bii)[-1, 1510305, 10000]
 0003[03] (bBiif)[-1, 1, 1510305, 10000, 4.0]
 0000[00] (bBb)[0, 1, -1]
 2004[01] (iB)[1510305, 1]

11510215, 0
 1003[01] (BBBi)[2, 0, 1, 0]
 2005[03] (iB)[1511210, 0]
 1000[04] (B)[0]
 0005[00] (bBi)[0, 1, 1511210]
 1000[04] (B)[0]

11510510, 0
 0004[02] (bibf)[1, 0, 5, 0.8999999761581421]
    ^(4 <- 0, 4)
 0004[02] (bibf)[1, 0, 2, 0.0]
    ^(4 <- 0, 4)
 0004[01] (bii)[1, 0, 10000]
    ^(4 <- 0, 4)
 0003[00] (bBBi)[2, 1, 0, 0]
    ^(4 <- 4, 4)
 0003[00] (bBBi)[2, 1, 2, 0]
 0003[00] (bBBi)[3, 1, 0, 0]
    ^(4 <- 4, 4)
 0003[00] (bBBi)[3, 0, 2, 0]
 0000[00] (bBb)[-1, 1, 1]
 0000[00] (bBb)[-1, 1, 2]
 0000[00] (bBb)[-1, 1, 3]
 0000[00] (bBb)[0, 1, -1]
 1000[07] (BBb)[2, 0, 3]
 2004[05] (iB)[0, 0]
    ^(0 <- 0, 4)
 0003[00] (bBBi)[0, 1, 0, 703]
 2003[02] (iB)[0, 1]
    ^(0 <- 4, 4)
 2004[44] (iB)[0, 9]
    ^(0 <- 0, 4)
 2000[05] (B)[0]

11510520, 0
 1003[01] (BBBi)[2, 0, 2, 0]
 2004[37] (i)[0]
    ^(0 <- 0, 4)
 1000[04] (B)[0]
 0004[02] (bibf)[0, 0, 5, 0.0]
    ^(4 <- 0, 4)
 2003[22] (iiB)[0, 0, 0]
    ^(0 <- 4, 4)
    ^(4 <- 8, 4)
 2003[02] (iB)[0, 1]
    ^(0 <- 12, 4)

11510501, 0
 0003[00] (bBBi)[-2, 1, 0, 1030]
 0003[00] (bBBi)[-2, 1, 0, 1031]
 0003[00] (bBBi)[-2, 1, 0, 1036]
 0000[00] (bBb)[1, 1, -2]
 0004[02] (bibf)[1, 0, 5, 0.8999999761581421]
    ^(4 <- 0, 4)
 0004[02] (bibf)[1, 0, 2, 0.0]
    ^(4 <- 0, 4)
 0004[01] (bii)[1, 0, 10000]
    ^(4 <- 0, 4)
 0003[00] (bBBi)[1, 0, 1, 0]
 0003[00] (bBBi)[2, 0, 0, 1034]
 0003[00] (bBBi)[-3, 1, 0, 1232]
 0003[00] (bBBi)[-3, 1, 0, 1241]
 0003[00] (bBBi)[-3, 1, 0, 1242]
 0000[00] (bBb)[2, 1, -3]
 0004[07] (biB)[2, 0, 1]
    ^(4 <- 0, 4)
 0003[00] (bBBi)[2, 0, 1, 0]
 0003[00] (bBBi)[3, 1, 0, 0]
    ^(4 <- 4, 4)
 0003[00] (bBBi)[3, 1, 1, 0]
 0000[00] (bBb)[-1, 1, 1]
 0000[00] (bBb)[-1, 1, 2]
 0000[00] (bBb)[-1, 1, 3]
 0000[00] (bBb)[0, 1, -1]
 2003[02] (iB)[0, 1]
    ^(0 <- 4, 4)
 2004[05] (iB)[0, 1]
    ^(0 <- 0, 4)
 2004[44] (iB)[0, 9]
    ^(0 <- 0, 4)
 2000[05] (B)[0]

11510502, 0
 0003[00] (bBBi)[1, 1, 0, 1240]
 0003[00] (bBBi)[-2, 1, 0, 1232]
 0003[00] (bBBi)[-2, 1, 0, 11515382]
 0000[00] (bBb)[1, 1, -2]
 0004[00] (biB)[1, 0, 0]
    ^(4 <- 0, 4)
 0003[00] (bBBi)[2, 1, 0, 0]
    ^(4 <- 4, 4)
 0003[00] (bBBi)[2, 1, 1, 0]
 0000[00] (bBb)[-1, 1, 1]
 0000[00] (bBb)[-1, 1, 2]
 0000[00] (bBb)[0, 1, -1]
 2003[02] (iB)[0, 1]
    ^(0 <- 4, 4)
 2004[02] (ib)[0, 7]
    ^(0 <- 0, 4)

11510530, 0
 0003[00] (bBBi)[1, 0, 0, 1004]
 0003[00] (bBBi)[1, 1, 0, 1001]
 0003[00] (bBBi)[1, 1, 0, 11010590]
 0000[00] (bBb)[0, 1, 1]
 2003[22] (iiB)[0, 0, 0]
    ^(0 <- 4, 4)
    ^(4 <- 8, 4)
 2003[02] (iB)[0, 1]
    ^(0 <- 12, 4)
 2004[05] (iB)[0, 1]
    ^(0 <- 0, 4)

11510531, 0
 0003[00] (bBBi)[1, 0, 0, 1033]
 0003[00] (bBBi)[1, 1, 0, 1030]
 0003[00] (bBBi)[1, 1, 0, 710]
 0004[00] (biB)[1, 0, 0]
    ^(4 <- 0, 4)
 0000[00] (bBb)[0, 1, 1]
 2003[22] (iiB)[0, 0, 0]
    ^(0 <- 4, 4)
    ^(4 <- 8, 4)
 2003[02] (iB)[0, 1]
    ^(0 <- 12, 4)

11510532, 0
 0003[00] (bBBi)[1, 0, 0, 1033]
 0003[00] (bBBi)[-1, 1, 0, 1030]
 0003[00] (bBBi)[-1, 1, 0, 1036]
 0000[00] (bBb)[1, 1, -1]
 0003[00] (bBBi)[1, 1, 0, 711]
 0003[00] (bBBi)[1, 1, 0, 712]
 0003[00] (bBBi)[1, 1, 0, 713]
 0003[00] (bBBi)[1, 1, 0, 714]
 0004[00] (biB)[1, 0, 0]
    ^(4 <- 0, 4)
 0000[00] (bBb)[0, 1, 1]
 2003[22] (iiB)[0, 0, 0]
    ^(0 <- 4, 4)
    ^(4 <- 8, 4)
 2003[02] (iB)[0, 1]
    ^(0 <- 12, 4)

11510533, 0
 1003[02] (BBBi)[0, 1, 1, 0]
 0004[00] (biB)[0, 0, 1]
    ^(4 <- 0, 4)
 2003[02] (iB)[151, 1]

11510535, 0
 0003[00] (bBBi)[1, 0, 0, 1512]
 0003[00] (bBBi)[1, 1, 0, 1493]
 0004[00] (biB)[1, 1510300, 1]
 0004[00] (biB)[1, 1510301, 1]
 0004[00] (biB)[1, 1510302, 1]
 0000[00] (bBb)[0, 1, 1]
 2003[22] (iiB)[0, 0, 0]
    ^(0 <- 4, 4)
    ^(4 <- 8, 4)
 2003[02] (iB)[0, 1]
    ^(0 <- 12, 4)
 2004[05] (iB)[0, 1]
    ^(0 <- 0, 4)

11510536, 0
 0003[06] (bb)[1, 0]
 0003[00] (bBBi)[1, 0, 0, 1512]
 0003[00] (bBBi)[1, 1, 0, 1494]
 0003[00] (bBBi)[1, 1, 0, 11510590]
 1003[01] (BBBi)[1, 1, 1, 0]
 0004[07] (biB)[1, 0, 0]
    ^(4 <- 0, 4)
 0000[00] (bBb)[0, 1, 1]
 2004[05] (iB)[0, 0]
    ^(0 <- 0, 4)

11510541, 0
 0003[00] (bBBi)[-1, 1, 0, 1572]
 0003[00] (bBBi)[-1, 1, 0, 1573]
 0003[00] (bBBi)[-1, 1, 0, 1577]
 0000[00] (bBb)[1, 1, -1]
 0003[00] (bBBi)[1, 1, 0, 11510700]
 0000[00] (bBb)[0, 1, 1]
 2003[22] (iiB)[0, 0, 0]
    ^(0 <- 4, 4)
    ^(4 <- 8, 4)
 2003[02] (iB)[0, 1]
    ^(0 <- 12, 4)
 2004[02] (ib)[6490, 2]
 2004[02] (ib)[6500, 2]
 2004[01] (iB)[0, 0]
    ^(0 <- 0, 4)
 2004[01] (iB)[6490, 0]
 2004[01] (iB)[6500, 0]
 0003[00] (bBBi)[-1, 1, 0, 11510598]
 0004[01] (bii)[-1, 0, 10000]
    ^(4 <- 0, 4)
 0004[01] (bii)[-1, 6490, 10000]
 0004[01] (bii)[-1, 6500, 10000]
 0000[00] (bBb)[0, 1, -1]
 2004[01] (iB)[0, 1]
    ^(0 <- 0, 4)
 2004[01] (iB)[6490, 1]
 2004[01] (iB)[6500, 1]

11510542, 0
 0004[02] (bibf)[0, 0, 5, 0.0]
    ^(4 <- 0, 4)
 2003[22] (iiB)[0, 0, 0]
    ^(0 <- 4, 4)
    ^(4 <- 8, 4)
 2003[02] (iB)[0, 1]
    ^(0 <- 12, 4)
 2003[02] (iB)[8102, 1]

11510543, 0
 2005[03] (iB)[1511750, 0]
 2006[01] (iB)[1511751, 0]
 2005[03] (iB)[1511752, 0]
 2006[01] (iB)[1511753, 0]
 2005[03] (iB)[1511754, 0]
 2006[01] (iB)[1511755, 0]
 0003[00] (bBBi)[0, 1, 0, 11510700]
 2005[03] (iB)[1511750, 1]
 2006[02] (i)[1511751]
 2005[03] (iB)[1511752, 1]
 2006[02] (i)[1511753]
 2005[03] (iB)[1511754, 1]
 2006[02] (i)[1511755]
 2003[02] (iB)[8104, 0]
 2003[22] (iiB)[0, 0, 0]
    ^(0 <- 4, 4)
    ^(4 <- 8, 4)
 2003[02] (iB)[0, 1]
    ^(0 <- 12, 4)
 2004[05] (iB)[1510412, 0]
 2004[05] (iB)[1510413, 0]
 2004[05] (iB)[1510500, 0]
 2004[05] (iB)[0, 1]
    ^(0 <- 0, 4)
 2004[05] (iB)[6490, 1]
 2004[05] (iB)[6500, 1]
 1003[01] (BBBi)[2, 1, 0, 8101]
 2003[02] (iB)[8101, 1]
 1000[04] (B)[0]
 2003[02] (iB)[8100, 1]

11510544, 0
 1003[01] (BBBi)[2, 0, 1, 0]
 2005[04] (iB)[1511601, 1]
 1000[04] (B)[0]
 2005[03] (iB)[1511601, 0]
 2005[04] (iB)[1511601, 0]
 0003[06] (bb)[1, 0]
 0003[00] (bBBi)[1, 0, 0, 11510700]
 0003[00] (bBBi)[1, 1, 0, 8102]
 0000[00] (bBb)[0, 1, 1]
 0004[03] (bib)[-1, 10000, 0]
 0004[03] (bib)[-1, 10000, 8]
 1000[01] (BBb)[3, 0, -1]
 2003[36] (i)[2060]
 2003[36] (i)[6300]
 2003[24] (iii)[3, 115, 0]
 2005[03] (iB)[1511601, 1]
 2005[04] (iB)[1511601, 1]
 2004[05] (iB)[0, 0]
    ^(0 <- 0, 4)
 2003[22] (iiB)[0, 0, 0]
    ^(0 <- 4, 4)
    ^(4 <- 8, 4)
 2003[02] (iB)[0, 1]
    ^(0 <- 12, 4)

151, 0
 2000[02] (B)[0]
 0003[00] (bBBi)[1, 1, 1, 0]
 0003[05] (biifhfiBi)[1, 0, 1511960, 180.0, -1, 3.4000000953674316, 10010182, 48, 0]
 0000[00] (bBb)[0, 1, 1]
 2007[01] (ihhif)[10010184, 0, 6, 1511960, 3.4000000953674316]
 1000[04] (B)[1]

11515090, 1
 0004[08] (biiB)[0, 0, 500, 1]
    ^(4 <- 0, 4)
 2004[06] (iiB)[0, 1500, 0]
    ^(0 <- 0, 4)
 0004[08] (biiB)[0, 0, 500, 0]
    ^(4 <- 0, 4)
 1000[04] (B)[1]

11515091, 1
 2000[02] (B)[0]
 0004[08] (biiB)[0, 0, 1400, 1]
    ^(4 <- 0, 4)
 1001[00] (f)[10.0]
 2004[06] (iiB)[0, 1501, 0]
    ^(0 <- 0, 4)
 1000[04] (B)[1]

11515092, 1
 1003[02] (BBBi)[0, 1, 0, 0]
    ^(4 <- 8, 4)
 1003[02] (BBBi)[0, 1, 0, 0]
    ^(4 <- 12, 4)
 2004[31] (iB)[0, 1]
    ^(0 <- 0, 4)
 2004[10] (iB)[0, 0]
    ^(0 <- 0, 4)
 2005[13] (iB)[0, 1]
    ^(0 <- 4, 4)
 0003[00] (bBBi)[-1, 1, 0, 0]
    ^(4 <- 8, 4)
 0003[00] (bBBi)[-1, 1, 0, 0]
    ^(4 <- 12, 4)
 0000[00] (bBb)[0, 1, -1]
 2004[31] (iB)[0, 0]
    ^(0 <- 0, 4)
 2004[10] (iB)[0, 1]
    ^(0 <- 0, 4)
 2005[13] (iB)[0, 0]
    ^(0 <- 4, 4)
 1001[01] (i)[1]
 2005[01] (ib)[0, 1]
    ^(0 <- 4, 4)
 2010[02] (iii)[0, 3, 596500000]
    ^(0 <- 4, 4)

11515030, 0
 1003[05] (Bb)[1, 1]
 2004[28] (ii)[6543, 4095]
 1003[01] (BBBi)[1, 0, 1, 0]
 2004[05] (iB)[6003, 0]
 1003[01] (BBBi)[3, 1, 0, 11515034]
 0003[06] (bb)[2, 1]
 0003[00] (bBBi)[2, 1, 0, 11515031]
 1000[01] (BBb)[1, 1, 2]
 2004[05] (iB)[6543, 0]
 1003[02] (BBBi)[0, 1, 0, 12]
 0003[06] (bb)[1, 0]
 0004[03] (bib)[1, 10000, 0]
 0003[00] (bBBi)[-1, 1, 0, 1004]
 0003[00] (bBBi)[-1, 1, 0, 1005]
 0003[00] (bBBi)[-1, 1, 0, 1006]
 0003[00] (bBBi)[-1, 1, 0, 1010]
 0003[00] (bBBi)[-1, 1, 0, 1011]
 0000[00] (bBb)[1, 0, -1]
 0004[07] (biB)[1, 6543, 1]
 0003[03] (bBiif)[1, 1, 6543, 10000, 30.0]
 0000[00] (bBb)[0, 1, 1]
 2003[25] (iiiii)[0, 6543, 1512001, 11515031, 11515034]
 2004[05] (iB)[6003, 0]
 0003[00] (bBBi)[0, 1, 0, 11515031]
 2004[13] (ii)[6543, 1512002]

11515032, 0
 1003[02] (BBBi)[0, 1, 1, 0]
 0003[00] (bBBi)[1, 1, 0, 11515031]
 0003[00] (bBBi)[1, 1, 0, 11515393]
 0000[00] (bBb)[0, 1, 1]
 2004[17] (iiB)[6543, 10, 0]
 2004[20] (i)[6543]
 0003[02] (bBii)[0, 1, 6543, 1512998]
 2004[14] (ii)[6543, 1512997]
 2003[18] (iiBBB)[6543, 7410, 0, 0, 0]
 2004[17] (iiB)[6543, -1, 0]
 2004[20] (i)[6543]

11515033, 0
 0003[00] (bBBi)[1, 1, 0, 11515031]
 0003[00] (bBBi)[1, 0, 0, 11515390]
 0003[02] (bBii)[1, 1, 10000, 1512801]
 0000[00] (bBb)[0, 1, 1]
 2004[17] (iiB)[6543, 8, 0]
 2004[20] (i)[6543]
 0003[07] (bBi)[0, 0, 1512801]
 2004[17] (iiB)[6543, -1, 0]
 2004[20] (i)[6543]
 1000[04] (B)[1]

11512000, 1
 2004[15] (iB)[1510675, 1]
 2004[30] (iB)[1510675, 0]
 0003[05] (biifhfiBi)[0, 2, 1510675, 180.0, -1, 3.0, 10010140, 48, 0]
 2003[14] (BBi)[10, 2, -1]
 1001[00] (f)[3.0]
 1000[04] (B)[1]

11512001, 1
 1003[01] (BBBi)[4, 0, 1, 0]
 2004[05] (iB)[6040, 0]
 2004[04] (iB)[6040, 0]
 2009[03] (iiffi)[11510984, 1511961, 2.0, 180.0, 0]
 1000[04] (B)[0]
 2004[02] (ib)[6040, 6]
 2003[18] (iiBBB)[6040, 200, 0, 1, 0]
 2003[18] (iiBBB)[6040, 200, 0, 1, 0]
 0004[00] (biB)[0, 6040, 1]
 2003[36] (i)[4560]
 2009[03] (iiffi)[11510984, 1511961, 2.0, 180.0, 0]

11512005, 1
 1003[01] (BBBi)[2, 0, 1, 0]
 2004[05] (iB)[1510676, 0]
 1000[04] (B)[0]
 0004[00] (biB)[0, 1510676, 1]
 2003[36] (i)[4570]

11512010, 0
 0003[05] (biifhfiBi)[0, 1, 0, 0.0, -1, 0.0, 10010100, 48, 0]
    ^(8 <- 0, 4)
 2007[01] (ihhif)[0, 1, 6, 0, 3.0]
    ^(0 <- 4, 4)
    ^(8 <- 0, 4)
 1001[00] (f)[3.0]
 1000[04] (B)[1]

11512020, 0
 1003[02] (BBBi)[0, 1, 2, 0]
 0003[05] (biifhfiBi)[0, 1, 0, 0.0, -1, 0.0, 10010100, 48, 0]
    ^(8 <- 0, 4)
 2003[36] (i)[0]
    ^(0 <- 4, 4)

11512006, 1
 1003[01] (BBBi)[2, 0, 1, 0]
 2004[05] (iB)[1510250, 0]
 1000[04] (B)[0]
 0004[00] (biB)[0, 1510250, 1]
 2003[36] (i)[4600]

11512007, 1
 0003[04] (bBiB)[1, 0, 705000, 1]
 1000[01] (BBb)[2, 0, 1]
 2004[05] (iB)[1510450, 0]
 1000[04] (B)[0]
 2003[02] (iB)[51510990, 0]

11512030, 1
 1003[02] (BBBi)[0, 1, 0, 11512002]
 2004[12] (iB)[0, 1]
    ^(0 <- 0, 4)
 0004[05] (biiB)[0, 0, 4730, 1]
    ^(4 <- 0, 4)
 2004[12] (iB)[0, 0]
    ^(0 <- 0, 4)
 1001[00] (f)[3.0]
 1000[04] (B)[1]

11512008, 1
 2004[05] (iB)[1510802, 0]
 1003[02] (BBBi)[0, 1, 1, 0]
 0003[00] (bBBi)[1, 1, 0, 11512006]
 0003[04] (bBiB)[1, 3, 326, 1]
 0003[05] (biifhfiBi)[1, 1, 1512675, 0.0, -1, 0.0, 10010313, 48, 0]
 0000[00] (bBb)[0, 1, 1]
 1001[00] (f)[1.0]
 2003[19] (hh)[15, 0]
 2004[05] (iB)[1510802, 1]
 2003[02] (iB)[1903, 1]
 2004[08] (ii)[10000, 4803]
 2003[24] (iii)[3, 326, 0]
 1001[00] (f)[1.0]
 2007[02] (B)[9]
 1001[00] (f)[5.0]
 2003[14] (BBi)[10, 2, -1]