0, 0
 1003[01] (BBBi)[1, 0, 0, 13]
 2009[03] (iiffi)[11600920, 1601950, 2.0, 180.0, 0]
 2009[03] (iiffi)[11600984, 1601961, 2.0, 180.0, 0]
 2009[00] (iii)[11600012, 11600013, 1601141]
 2003[02] (iB)[11600102, 1]
 1003[05] (Bb)[7, 1]
 2003[02] (iB)[404, 1]
 2005[03] (iB)[1601994, 0]
 2006[01] (iB)[1601995, 0]
 2005[03] (iB)[1601996, 0]
 2006[01] (iB)[1601997, 0]
 2005[03] (iB)[1601998, 0]
 2006[01] (iB)[1601999, 0]
 2003[03] (iB)[1603000, 0]
 2000[00] (iII|III)[0, 11600090, 1601700, 1601701, 1602600, 1602601]
 2000[00] (iII|III)[1, 11600090, 1601702, 1601703, 1602602, 1602603]
 2000[00] (iII)[0, 11605090, 0]
 2000[00] (iII)[0, 11605091, 0]
 2000[00] (iII)[0, 11605092, 0]
 2000[00] (iII)[0, 11605100, 0]
 2000[00] (iII)[0, 11600150, 0]
 2000[00] (iII)[0, 11600100, 0]
 2000[00] (iII|II)[0, 11600101, 1601101, 11600102, 0]
 2000[00] (iII|II)[0, 11600110, 11600110, 10010872, 1601111]
 2000[00] (iII|IIII)[0, 11600120, 11600120, 10010867, 1601110, 10010883, 2008]
 2000[00] (iII)[0, 11600160, 0]
 2000[00] (iII)[0, 11600200, 0]
 2000[00] (iII)[0, 11600250, 0]
 2000[00] (iII)[0, 11600199, 0]
 2000[00] (iII)[0, 11600210, 0]
 2000[00] (iII)[0, 11600251, 0]
 2000[00] (iII)[0, 11600220, 0]
 2000[00] (iII)[0, 11600252, 0]
 2000[00] (iII)[0, 11600230, 0]
 2000[00] (iII)[0, 11600253, 0]
 2000[00] (iII)[0, 11600810, 0]
 2000[00] (iII)[0, 11600400, 0]
 2000[00] (iII)[0, 11605397, 0]
 2000[00] (iII)[0, 11605398, 0]
 2000[00] (iII)[0, 11605360, 10000]
 2000[00] (iII)[1, 11605360, 10001]
 2000[00] (iII)[2, 11605360, 10002]
 2000[00] (iII)[3, 11605360, 10003]
 2000[00] (iII)[4, 11605360, 10004]
 2000[00] (iII)[5, 11605360, 10005]
 2010[03] (iB)[1603800, 0]
 1003[01] (BBBi)[4, 0, 0, 13]
 2000[00] (iII)[0, 11605392, 0]
 2005[03] (iB)[1601990, 0]
 2006[01] (iB)[1601991, 0]
 1000[03] (B)[13]
 2000[00] (iII)[0, 11605390, 0]
 2000[00] (iII)[0, 11605391, 0]
 2000[00] (iII)[0, 11605393, 0]
 2000[00] (iII)[0, 11605392, 0]
 2000[00] (iII)[0, 11600001, 0]
 2000[00] (iII)[0, 11605394, 0]
 2000[00] (iII)[0, 11605395, 0]
 2000[00] (iII)[0, 11605396, 0]
 2000[00] (iII)[0, 11605350, 1600801]
 2000[00] (iII)[1, 11605350, 1600802]
 2000[00] (iII)[2, 11605350, 1600803]
 2000[00] (iII)[3, 11605350, 1600804]
 2000[00] (iII)[0, 11605399, 0]
 2010[03] (iB)[1603801, 0]
 2000[00] (iII|I)[11, 11605150, 1600200, 1602852]
 2000[00] (iII|I)[12, 11605150, 1600201, 1602852]
 2000[00] (iII|I)[16, 11605150, 1600301, 1602852]
 2000[00] (iII|I)[17, 11605150, 1600302, 1602852]
 2000[00] (iII|I)[32, 11605150, 1600300, 1602860]
 2000[00] (iIi|fi)[0, 11605001, 1600200, 5.0, 9060]
 2000[00] (iIi|fi)[1, 11605001, 1600201, 5.0, 9060]
 2000[00] (iII|III)[0, 11605200, 1600400, 1600410, 1, 11600100]
 2000[00] (iII|III)[1, 11605200, 1600400, 1600411, 2, 11605200]
 2000[00] (iII|III)[2, 11605200, 1600400, 1600412, 3, 11605201]
 2000[00] (iII|III)[3, 11605200, 1600400, 1600413, 4, 11605202]
 2000[00] (iII|III)[4, 11605200, 1600400, 1600414, 5, 11605203]
 2000[00] (iII|III)[5, 11605200, 1600400, 1600415, 6, 11605204]
 2000[00] (iII|III)[10, 11605200, 1600401, 1600416, 1, 11600100]
 2000[00] (iII|III)[11, 11605200, 1600401, 1600417, 2, 11605210]
 2000[00] (iII|III)[12, 11605200, 1600401, 1600418, 3, 11605211]
 2000[00] (iII|III)[13, 11605200, 1600401, 1600419, 4, 11605212]
 2000[00] (iII|III)[14, 11605200, 1600401, 1600420, 5, 11605213]
 2000[00] (iII|III)[15, 11605200, 1600401, 1600421, 6, 11605214]
 2000[00] (iII)[0, 11605250, 1600410]
 2000[00] (iII)[1, 11605250, 1600411]
 2000[00] (iII)[2, 11605250, 1600412]
 2000[00] (iII)[3, 11605250, 1600413]
 2000[00] (iII)[4, 11605250, 1600414]
 2000[00] (iII)[5, 11605250, 1600415]
 2000[00] (iII)[6, 11605250, 1600416]
 2000[00] (iII)[7, 11605250, 1600417]
 2000[00] (iII)[8, 11605250, 1600418]
 2000[00] (iII)[9, 11605250, 1600419]
 2000[00] (iII)[10, 11605250, 1600420]
 2000[00] (iII)[11, 11605250, 1600421]
 2000[00] (iII)[0, 11600850, 1600400]
 2000[00] (iII)[1, 11600850, 1600401]
 2000[00] (iII|I)[0, 11600600, 1601650, 11600600]
 2000[00] (iII|I)[1, 11600600, 1601651, 11600601]
 2000[00] (iII|I)[2, 11600600, 1601652, 11600602]
 2000[00] (iII|I)[0, 11600650, 1601610, 1601310]
 2000[00] (iII|I)[1, 11600650, 1601611, 1601311]
 2000[00] (iII)[0, 11602001, 0]

50, 0
 2004[45] (ii)[6220, 8414]
 2000[00] (iII|I)[1, 11600510, 6220, 1381]
 2000[00] (iII|III)[1, 11600520, 6220, 1380, 1399, 1382]
 2000[00] (iII)[0, 11602000, 0]

11600090, 0
 1003[01] (BBBi)[3, 0, 2, 0]
 2005[03] (iB)[0, 0]
    ^(0 <- 0, 4)
 2006[01] (iB)[0, 0]
    ^(0 <- 4, 4)
 1000[04] (B)[0]
 0003[18] (biifhfiBii)[1, 1, 0, 0.0, 0, 0.0, 10010403, 48, 0, 0]
    ^(8 <- 8, 4)
    ^(36 <- 0, 4)
 0003[18] (biifhfiBii)[2, 1, 0, 0.0, 0, 0.0, 10010407, 48, 0, 0]
    ^(8 <- 12, 4)
    ^(36 <- 0, 4)
 0000[00] (bBb)[-1, 1, 1]
 0000[00] (bBb)[-1, 1, 2]
 0000[00] (bBb)[0, 1, -1]
 1000[07] (BBb)[2, 1, 2]
 2004[41] (iBii)[10000, 1, 0, -1]
    ^(8 <- 8, 4)
 1000[03] (B)[1]
 2004[41] (iBii)[10000, 1, 0, -1]
    ^(8 <- 12, 4)
 2003[18] (iiBBB)[10000, 7410, 0, 0, 0]
 2005[03] (iB)[0, 0]
    ^(0 <- 0, 4)
 2006[01] (iB)[0, 1]
    ^(0 <- 4, 4)

11605090, 1
 1003[02] (BBBi)[0, 1, 1, 0]
 2004[05] (iB)[1600900, 0]
 2004[05] (iB)[1600901, 0]
 2004[05] (iB)[1600902, 0]
 2004[05] (iB)[1600903, 0]
 2004[05] (iB)[1600904, 0]
 2004[05] (iB)[1600905, 0]
 0003[00] (bBBi)[0, 1, 0, 11600050]
 1003[02] (BBBi)[0, 1, 0, 735]
 2003[02] (iB)[5000, 1]
 2004[05] (iB)[1600900, 1]
 2004[05] (iB)[1600901, 1]
 2004[05] (iB)[1600902, 1]
 2004[05] (iB)[1600903, 1]
 2004[05] (iB)[1600904, 1]
 2004[05] (iB)[1600905, 1]

11605091, 1
 0003[00] (bBBi)[-1, 1, 0, 11605095]
 0003[00] (bBBi)[-1, 1, 0, 735]
 0000[00] (bBb)[0, 1, -1]
 1003[01] (BBBi)[1, 0, 0, 735]
 2003[02] (iB)[735, 0]
 2003[02] (iB)[11600050, 0]
 2003[02] (iB)[11605095, 0]
 2003[02] (iB)[5001, 1]
 2004[04] (iB)[1600900, 0]
 2004[04] (iB)[1600901, 0]
 2004[04] (iB)[1600902, 0]
 2004[04] (iB)[1600903, 0]
 2004[04] (iB)[1600904, 0]
 2004[04] (iB)[1600905, 0]

11605092, 1
 1003[06] (Bb)[0, 1]
 0003[11] (bBBB)[1, 1, 2, 50]
 0003[08] (bBBB)[1, 1, 16, 0]
 0000[00] (bBb)[-1, 1, 1]
 0003[00] (bBBi)[-1, 1, 0, 11600050]
 0000[00] (bBb)[0, 1, -1]
 1001[01] (i)[1]
 0003[11] (bBBB)[2, 1, 2, 50]
 0003[08] (bBBB)[2, 1, 16, 0]
 0000[00] (bBb)[-2, 1, 2]
 0003[00] (bBBi)[-2, 1, 0, 11600050]
 1000[02] (BBb)[1, 0, -2]
 1001[01] (i)[1]
 0003[11] (bBBB)[3, 1, 2, 50]
 0003[08] (bBBB)[3, 1, 16, 0]
 0000[00] (bBb)[-3, 1, 3]
 0003[00] (bBBi)[-3, 1, 0, 11600050]
 1000[02] (BBb)[1, 0, -3]
 1001[01] (i)[1]
 0003[11] (bBBB)[4, 1, 2, 50]
 0003[08] (bBBB)[4, 1, 16, 0]
 0000[00] (bBb)[-4, 1, 4]
 0003[00] (bBBi)[-4, 1, 0, 11600050]
 1000[02] (BBb)[1, 0, -4]
 1001[01] (i)[1]
 0003[11] (bBBB)[5, 1, 2, 50]
 0003[08] (bBBB)[5, 1, 16, 0]
 0000[00] (bBb)[-5, 1, 5]
 0003[00] (bBBi)[-5, 1, 0, 11600050]
 1000[02] (BBb)[1, 0, -5]
 1001[01] (i)[1]
 0003[11] (bBBB)[6, 1, 2, 50]
 0003[08] (bBBB)[6, 1, 16, 0]
 0000[00] (bBb)[-6, 1, 6]
 0003[00] (bBBi)[-6, 1, 0, 11600050]
 1000[02] (BBb)[1, 0, -6]
 2003[02] (iB)[11600050, 1]
 1001[00] (f)[600.0]
 0003[11] (bBBB)[7, 1, 5, 50]
 0003[08] (bBBB)[7, 1, 16, 0]
 1000[02] (BBb)[1, 0, 7]
 2003[02] (iB)[11600050, 0]
 2003[02] (iB)[11605095, 1]

11605390, 0
 0003[00] (bBBi)[1, 0, 0, 13]
 0003[19] (biifhfiBii)[1, 1, 1602998, 0.0, -1, 0.0, 10010403, 48, 0, 1601990]
 0000[00] (bBb)[0, 1, 1]
 2004[14] (ii)[10000, 1602997]
 2003[18] (iiBBB)[10000, 7410, 0, 0, 0]
 1000[04] (B)[1]

11605391, 0
 0003[00] (bBBi)[1, 0, 0, 13]
 0003[00] (bBBi)[1, 1, 0, 11605393]
 0004[03] (bib)[1, 10000, 1]
 0003[18] (biifhfiBii)[1, 1, 1602998, 0.0, -1, 0.0, 10010403, 255, 0, 1601990]
 0000[00] (bBb)[0, 1, 1]
 2004[14] (ii)[10000, 1602997]
 2003[18] (iiBBB)[10000, 7410, 0, 0, 0]
 1000[04] (B)[1]

11605393, 0
 1003[01] (BBBi)[3, 1, 1, 0]
 0003[00] (bBBi)[1, 0, 0, 13]
 0003[00] (bBBi)[1, 1, 0, 11605390]
 0003[02] (bBii)[1, 1, 10000, 1602996]
 0000[00] (bBb)[0, 1, 1]
 1003[05] (Bb)[1, 1]
 2009[06] (B)[0]
 2009[04] (i)[1600800]
 2009[04] (i)[1600801]
 2009[04] (i)[1600802]
 2009[04] (i)[1600803]
 2009[04] (i)[1600804]

11605392, 1
 1003[01] (BBBi)[12, 0, 0, 13]
 2004[05] (iB)[1600800, 0]
 2004[05] (iB)[1600801, 0]
 2004[05] (iB)[1600802, 0]
 2004[05] (iB)[1600803, 0]
 2004[05] (iB)[1600804, 0]
 2004[04] (iB)[1600800, 0]
 2004[04] (iB)[1600801, 0]
 2004[04] (iB)[1600802, 0]
 2004[04] (iB)[1600803, 0]
 2004[04] (iB)[1600804, 0]
 2005[04] (iB)[1601600, 1]
 1000[04] (B)[0]
 2004[01] (iB)[1600800, 0]
 2004[01] (iB)[1600801, 0]
 2004[01] (iB)[1600802, 0]
 2004[01] (iB)[1600803, 0]
 2004[01] (iB)[1600804, 0]
 2004[05] (iB)[1600801, 0]
 2004[04] (iB)[1600802, 0]
 2004[04] (iB)[1600803, 0]
 2004[04] (iB)[1600804, 0]
 2004[10] (iB)[1600800, 0]
 1003[01] (BBBi)[5, 1, 1, 0]
 0003[00] (bBBi)[1, 1, 0, 11605399]
 0003[02] (bBii)[1, 1, 10000, 1602999]
 0000[00] (bBb)[0, 1, 1]
 2000[02] (B)[0]
 1001[00] (f)[7.0]
 2004[05] (iB)[1600801, 1]
 2003[18] (iiBBB)[1600801, 6200, 0, 0, 0]
 2004[01] (iB)[1600801, 1]
 2004[01] (iB)[1600802, 1]
 2004[01] (iB)[1600803, 1]
 2004[01] (iB)[1600804, 1]
 2003[11] (bihh)[1, 1600800, 0, 5390]
 2004[33] (ii)[1600801, 1600800]
 2004[33] (ii)[1600802, 1600800]
 2004[33] (ii)[1600803, 1600800]
 2004[33] (ii)[1600804, 1600800]

11600001, 0
 2005[04] (iB)[1601600, 0]
 2005[03] (iB)[1601600, 0]
 2005[03] (iB)[1601950, 0]
 0004[02] (bibf)[1, 1600800, 5, 0.0]
 0003[00] (bBBi)[1, 1, 0, 11605395]
 0000[00] (bBb)[0, 1, 1]
 1003[05] (Bb)[2, 2]
 2002[04] (iIiBBi)[160010, 0, 1602120, 16, 0, 10000]
 1000[03] (B)[4]
 1003[05] (Bb)[2, 1]
 2002[04] (iIiBBi)[160010, 2, 1602120, 16, 0, 10000]
 1000[03] (B)[1]
 2002[03] (iIi)[160010, 2, 10000]
 1001[01] (i)[1]
 2004[05] (iB)[1600800, 0]
 2004[05] (iB)[1600801, 0]
 2004[05] (iB)[1600802, 0]
 2004[05] (iB)[1600803, 0]
 2004[05] (iB)[1600804, 0]
 2004[04] (iB)[1600800, 1]
 2004[04] (iB)[1600801, 1]
 2004[04] (iB)[1600802, 1]
 2004[04] (iB)[1600803, 1]
 2004[04] (iB)[1600804, 1]
 0004[00] (biB)[0, 1600800, 1]
 2003[02] (iB)[13, 1]
 2003[03] (iB)[1603000, 0]
 2003[12] (i)[1600800]
 2005[03] (iB)[1601990, 0]
 2006[01] (iB)[1601991, 1]
 2005[04] (iB)[1601600, 1]
 2005[03] (iB)[1601600, 1]
 1003[06] (Bb)[0, 1]
 2003[28] (i)[37]
 2006[03] (iiii)[0, 1601950, -1, 90014]
 1001[00] (f)[2.0]
 2005[03] (iB)[1601950, 1]
 2009[03] (iiffi)[11600920, 1601950, 2.0, 180.0, 0]

11605394, 0
 2000[02] (B)[0]
 0003[00] (bBBi)[1, 0, 0, 13]
 0003[00] (bBBi)[1, 1, 0, 11605392]
 1003[05] (Bb)[1, 0]
 0003[00] (bBBi)[1, 1, 0, 11605391]
 0003[02] (bBii)[1, 1, 10000, 1602990]
 0000[00] (bBb)[0, 1, 1]
 2010[03] (iB)[1603800, 1]

11605395, 0
 2000[02] (B)[0]
 0004[02] (bibf)[1, 1600800, 5, 0.0]
 0003[00] (bBBi)[1, 1, 0, 11605394]
 0000[00] (bBb)[0, 1, 1]
 2010[03] (iB)[1603800, 0]

11605396, 0
 0003[00] (bBBi)[0, 1, 0, 11605392]
 0004[02] (bibf)[7, 1600800, 5, 0.0]
 1000[02] (BBb)[0, 1, 7]
 0004[00] (biB)[1, 1600801, 0]
 1000[01] (BBb)[5, 0, 1]
 2004[17] (iiB)[1600801, 1, 0]
 0004[00] (biB)[-1, 1600801, 1]
 0004[08] (biiB)[-1, 1600801, 500, 1]
 0000[00] (bBb)[0, 1, -1]
 2004[17] (iiB)[1600801, -1, 0]
 0004[00] (biB)[2, 1600802, 0]
 1000[01] (BBb)[5, 0, 2]
 2004[17] (iiB)[1600802, 1, 0]
 0004[00] (biB)[-2, 1600802, 1]
 0004[08] (biiB)[-2, 1600802, 500, 1]
 0000[00] (bBb)[0, 1, -2]
 2004[17] (iiB)[1600802, -1, 0]
 0004[00] (biB)[3, 1600803, 0]
 1000[01] (BBb)[5, 0, 3]
 2004[17] (iiB)[1600803, 1, 0]
 0004[00] (biB)[-3, 1600803, 1]
 0004[08] (biiB)[-3, 1600803, 500, 1]
 0000[00] (bBb)[0, 1, -3]
 2004[17] (iiB)[1600803, -1, 0]
 0004[00] (biB)[4, 1600804, 0]
 1000[01] (BBb)[5, 0, 4]
 2004[17] (iiB)[1600804, 1, 0]
 0004[00] (biB)[-4, 1600804, 1]
 0004[08] (biiB)[-4, 1600804, 500, 1]
 0000[00] (bBb)[0, 1, -4]
 2004[17] (iiB)[1600804, -1, 0]
 1000[04] (B)[1]

11605397, 0
 2000[02] (B)[0]
 0004[05] (biiB)[-1, 10000, 2200, 1]
 0003[00] (bBBi)[-1, 1, 0, 13]
 0000[00] (bBb)[0, 1, -1]
 2011[01] (iB)[1603310, 0]
 2011[01] (iB)[1603311, 0]
 1003[02] (BBBi)[0, 1, 0, 13]
 0004[05] (biiB)[0, 10000, 2200, 0]
 2011[01] (iB)[1603310, 1]
 2011[01] (iB)[1603311, 1]
 1000[04] (B)[1]

11605398, 0
 2000[02] (B)[0]
 1003[01] (BBBi)[3, 0, 0, 13]
 0003[02] (bBii)[1, 1, 10000, 1602999]
 0000[00] (bBb)[0, 1, 1]
 1003[01] (BBBi)[7, 1, 0, 13]
 0004[05] (biiB)[1, 10000, 2200, 1]
 0003[02] (bBii)[1, 1, 10000, 1602999]
 0004[05] (biiB)[2, 10000, 2200, 0]
 0003[02] (bBii)[2, 1, 10000, 1602900]
 0000[00] (bBb)[-1, 1, 1]
 0000[00] (bBb)[-1, 1, 2]
 0000[00] (bBb)[0, 1, -1]
 1000[07] (BBb)[5, 1, 1]
 2004[31] (iB)[10000, 1]
 0004[00] (biB)[0, 10000, 1]
 2004[31] (iB)[10000, 0]
 2003[02] (iB)[8120, 1]
 1000[04] (B)[0]
 2004[15] (iB)[10000, 1]
 1001[00] (f)[2.0]
 2004[15] (iB)[10000, 0]

11605399, 0
 2000[02] (B)[0]
 0003[06] (bb)[1, 0]
 0011[02] (bi)[1, 1603300]
 0000[00] (bBb)[0, 1, 1]
 2003[03] (iB)[1603000, 1]
 1000[04] (B)[0]

11605360, 0
 2000[02] (B)[0]
 0003[00] (bBBi)[1, 0, 0, 13]
 0003[02] (bBii)[1, 1, 0, 1602990]
    ^(4 <- 0, 4)
 0004[05] (biiB)[1, 0, 2200, 0]
    ^(4 <- 0, 4)
 0000[00] (bBb)[0, 1, 1]
 2004[43] (iB)[0, 1]
    ^(0 <- 0, 4)
 2003[18] (iiBBB)[0, 6084, 0, 1, 0]
    ^(0 <- 0, 4)
 2004[05] (iB)[0, 0]
    ^(0 <- 0, 4)
 1000[06] (Bbii)[0, 1, 0, 10000]
    ^(4 <- 0, 4)
 2003[02] (iB)[8120, 1]

11605350, 0
 0003[06] (bb)[7, 0]
 0004[02] (bibf)[7, 0, 2, 0.0]
    ^(4 <- 0, 4)
 0000[00] (bBb)[0, 1, 7]
 2004[12] (iB)[0, 1]
    ^(0 <- 0, 4)
 0003[06] (bb)[1, 0]
 0001[00] (bf)[1, 1.0]
 0004[02] (bibf)[1, 1600800, 2, 0.0]
 0004[02] (bibf)[1, 0, 5, 0.009999999776482582]
    ^(4 <- 0, 4)
 0004[02] (bibf)[2, 1600800, 5, 0.0]
 0000[00] (bBb)[-1, 1, 1]
 0000[00] (bBb)[-1, 1, 2]
 0000[00] (bBb)[0, 1, -1]
 1000[07] (BBb)[3, 1, 2]
 2004[12] (iB)[0, 0]
    ^(0 <- 0, 4)
 2004[04] (iB)[0, 0]
    ^(0 <- 0, 4)
 1000[04] (B)[1]
 2003[18] (iiBBB)[0, 7000, 0, 1, 0]
    ^(0 <- 0, 4)
 2004[05] (iB)[0, 0]
    ^(0 <- 0, 4)
 2004[12] (iB)[0, 0]
    ^(0 <- 0, 4)
 2004[04] (iB)[0, 0]
    ^(0 <- 0, 4)

11605380, 0
 0003[00] (bBBi)[1, 0, 0, 11600900]
 0003[13] (biifhfiBi)[1, 1, 1602898, 0.0, -1, 0.0, 10010403, 48, 0]
 0000[00] (bBb)[0, 1, 1]
 1003[05] (Bb)[1, 1]
 2009[06] (B)[0]
 2004[14] (ii)[10000, 1602897]
 2003[18] (iiBBB)[10000, 7410, 0, 1, 0]
 2009[04] (i)[1600810]
 1000[04] (B)[1]

11605381, 0
 2000[02] (B)[0]
 0003[00] (bBBi)[1, 0, 0, 11600900]
 0003[00] (bBBi)[1, 1, 0, 11605380]
 0004[03] (bib)[1, 10000, 1]
 0003[05] (biifhfiBi)[1, 1, 1602898, 0.0, -1, 0.0, 10010403, 255, 0]
 0000[00] (bBb)[0, 1, 1]
 2004[14] (ii)[10000, 1602897]
 2003[18] (iiBBB)[10000, 7410, 0, 0, 0]
 1000[04] (B)[1]

11605382, 1
 1003[01] (BBBi)[3, 0, 0, 11600900]
 2004[05] (iB)[1600810, 0]
 2004[04] (iB)[1600810, 0]
 1000[04] (B)[0]
 2004[01] (iB)[1600810, 0]
 0003[06] (bb)[1, 0]
 0003[00] (bBBi)[1, 1, 0, 11605380]
 0003[02] (bBii)[1, 1, 10000, 1602890]
 0000[00] (bBb)[0, 1, 1]
 2004[01] (iB)[1600810, 1]
 2003[11] (bihh)[1, 1600810, 0, 2390]

11600900, 0
 0004[00] (biB)[0, 1600810, 1]
 2003[12] (i)[1600810]
 2005[03] (iB)[1601890, 0]
 2006[01] (iB)[1601891, 1]
 1003[06] (Bb)[0, 1]
 0003[04] (bBiB)[1, 3, 2013, 1]
 1000[02] (BBb)[0, 1, 1]
 2003[04] (i)[1100]

11605384, 0
 2000[02] (B)[0]
 0003[00] (bBBi)[1, 0, 0, 11600900]
 0003[00] (bBBi)[1, 1, 0, 11605382]
 0003[02] (bBii)[1, 1, 10000, 1602890]
 1003[05] (Bb)[1, 0]
 0003[00] (bBBi)[1, 1, 0, 11605381]
 0000[00] (bBb)[0, 1, 1]
 2010[03] (iB)[1603801, 1]

11605385, 0
 2000[02] (B)[0]
 0003[02] (bBii)[1, 1, 10000, 1602890]
 0004[00] (biB)[1, 1600810, 1]
 0000[00] (bBb)[0, 1, 1]
 2010[03] (iB)[1603801, 0]

11600150, 0
 1003[01] (BBBi)[63, 1, 0, 11600100]
 2011[01] (iB)[1603250, 0]
 2011[01] (iB)[1603251, 0]
 2011[01] (iB)[1603252, 0]
 2011[01] (iB)[1603253, 0]
 2011[01] (iB)[1603254, 0]
 2011[01] (iB)[1603255, 0]
 2011[01] (iB)[1603256, 0]
 2011[01] (iB)[1603257, 0]
 2011[01] (iB)[1603258, 0]
 2011[01] (iB)[1603259, 0]
 2011[01] (iB)[1603260, 0]
 2011[01] (iB)[1603261, 0]
 2011[01] (iB)[1603262, 0]
 2011[01] (iB)[1603263, 0]
 2011[01] (iB)[1603264, 0]
 2011[01] (iB)[1603265, 0]
 2011[01] (iB)[1603266, 0]
 2011[01] (iB)[1603267, 0]
 2012[01] (iB)[1603110, 0]
 2012[01] (iB)[1603111, 0]
 2012[01] (iB)[1603112, 0]
 2012[01] (iB)[1603113, 0]
 2012[01] (iB)[1603114, 0]
 2012[01] (iB)[1603115, 0]
 2012[01] (iB)[1603116, 0]
 2012[01] (iB)[1603117, 0]
 2012[01] (iB)[1603118, 0]
 2012[01] (iB)[1603119, 0]
 2012[01] (iB)[1603120, 0]
 2011[01] (iB)[1603121, 0]
 2011[01] (iB)[1603122, 0]
 0003[00] (bBBi)[0, 1, 0, 11600100]
 2011[01] (iB)[1603250, 1]
 2011[01] (iB)[1603251, 1]
 2011[01] (iB)[1603252, 1]
 2011[01] (iB)[1603253, 1]
 2011[01] (iB)[1603254, 1]
 2011[01] (iB)[1603255, 1]
 2011[01] (iB)[1603256, 1]
 2011[01] (iB)[1603257, 1]
 2011[01] (iB)[1603258, 1]
 2011[01] (iB)[1603259, 1]
 2011[01] (iB)[1603260, 1]
 2011[01] (iB)[1603261, 1]
 2011[01] (iB)[1603262, 1]
 2011[01] (iB)[1603263, 1]
 2011[01] (iB)[1603264, 1]
 2011[01] (iB)[1603265, 1]
 2011[01] (iB)[1603266, 1]
 2011[01] (iB)[1603267, 1]
 2012[01] (iB)[1603110, 1]
 2012[01] (iB)[1603111, 1]
 2012[01] (iB)[1603112, 1]
 2012[01] (iB)[1603113, 1]
 2012[01] (iB)[1603114, 1]
 2012[01] (iB)[1603115, 1]
 2012[01] (iB)[1603116, 1]
 2012[01] (iB)[1603117, 1]
 2012[01] (iB)[1603118, 1]
 2012[01] (iB)[1603119, 1]
 2012[01] (iB)[1603120, 1]
 2011[01] (iB)[1603121, 1]
 2011[01] (iB)[1603122, 1]
 2010[03] (iB)[1603850, 0]
 2011[01] (iB)[1603200, 0]
 2011[01] (iB)[1603201, 0]
 2011[01] (iB)[1603202, 0]
 2011[01] (iB)[1603203, 0]
 2011[01] (iB)[1603204, 0]
 2011[01] (iB)[1603205, 0]
 2011[01] (iB)[1603206, 0]
 2011[01] (iB)[1603207, 0]
 2011[01] (iB)[1603208, 0]
 2011[01] (iB)[1603209, 0]
 2011[01] (iB)[1603210, 0]
 2011[01] (iB)[1603211, 0]
 2011[01] (iB)[1603212, 0]
 2011[01] (iB)[1603213, 0]
 2011[01] (iB)[1603214, 0]
 2011[01] (iB)[1603215, 0]
 2011[01] (iB)[1603216, 0]
 2011[01] (iB)[1603217, 0]

11605100, 1
 1003[02] (BBBi)[0, 1, 0, 11600100]
 2004[29] (iB)[1600100, 1]
 2004[29] (iB)[1600101, 1]
 2004[29] (iB)[1600102, 1]
 2004[29] (iB)[1600103, 1]
 2004[29] (iB)[1600104, 1]
 2004[29] (iB)[1600105, 1]
 2004[29] (iB)[1600106, 1]
 2004[29] (iB)[1600107, 1]
 2004[29] (iB)[1600108, 1]
 2004[29] (iB)[1600109, 1]
 2004[29] (iB)[1600110, 1]
 2004[29] (iB)[1600400, 1]
 2004[29] (iB)[1600401, 1]
 2004[29] (iB)[1600900, 1]
 2004[29] (iB)[1600901, 1]
 2004[29] (iB)[1600902, 1]
 2004[29] (iB)[1600903, 1]
 2004[29] (iB)[1600904, 1]
 2004[29] (iB)[1600905, 1]
 0003[00] (bBBi)[0, 1, 0, 11600100]
 2004[29] (iB)[1600100, 0]
 2004[29] (iB)[1600101, 0]
 2004[29] (iB)[1600102, 0]
 2004[29] (iB)[1600103, 0]
 2004[29] (iB)[1600104, 0]
 2004[29] (iB)[1600105, 0]
 2004[29] (iB)[1600106, 0]
 2004[29] (iB)[1600107, 0]
 2004[29] (iB)[1600108, 0]
 2004[29] (iB)[1600109, 0]
 2004[29] (iB)[1600110, 0]
 2004[29] (iB)[1600400, 0]
 2004[29] (iB)[1600401, 0]
 2004[29] (iB)[1600900, 0]
 2004[29] (iB)[1600901, 0]
 2004[29] (iB)[1600902, 0]
 2004[29] (iB)[1600903, 0]
 2004[29] (iB)[1600904, 0]
 2004[29] (iB)[1600905, 0]

11600100, 0
 1003[01] (BBBi)[1, 1, 0, 11600101]
 1003[01] (BBBi)[8, 0, 1, 0]
 2005[07] (ii)[1601100, 10]
 2011[01] (iB)[1603100, 0]
 2011[01] (iB)[1603102, 0]
 2011[01] (iB)[1603103, 0]
 2011[01] (iB)[1603104, 0]
 2005[03] (iB)[1601120, 0]
 2003[02] (iB)[404, 0]
 1000[04] (B)[0]
 2011[01] (iB)[1603103, 1]
 2011[01] (iB)[1603104, 1]
 0003[00] (bBBi)[0, 1, 0, 11600101]
 1003[05] (Bb)[2, 2]
 2002[03] (iIi)[160000, 0, 10000]
 1000[03] (B)[1]
 2002[03] (iIi)[160000, 2, 10000]
 1001[01] (i)[1]
 2003[02] (iB)[11600100, 1]
 1000[04] (B)[1]

11600101, 0
 1003[01] (BBBi)[3, 0, 2, 0]
 2005[07] (ii)[1601100, 0]
    ^(4 <- 8, 4)
 2005[07] (ii)[0, 0]
    ^(0 <- 0, 4)
 1000[04] (B)[0]
 0003[05] (biifhfiBi)[0, 0, 0, 60.0, 104, 1.5, 10010502, 255, 0]
    ^(8 <- 0, 4)
 2004[41] (iBii)[10000, 0, 0, 101]
    ^(8 <- 0, 4)
 2003[18] (iiBBB)[10000, 8020, 0, 0, 0]
 2003[18] (iiBBB)[0, 0, 0, 1, 0]
    ^(0 <- 0, 4)
 1003[02] (BBBi)[0, 1, 0, 0]
    ^(4 <- 4, 4)
 2003[18] (iiBBB)[1601100, 0, 0, 1, 0]
    ^(4 <- 8, 4)

11600110, 0
 1003[01] (BBBi)[5, 0, 2, 0]
 2005[14] (iiiB)[0, -1, 0, 0]
    ^(0 <- 8, 4)
 2005[14] (iiiB)[0, -1, 1, 0]
    ^(0 <- 8, 4)
 2005[14] (iiiB)[0, -1, 2, 0]
    ^(0 <- 8, 4)
 2005[14] (iiiB)[0, -1, 3, 0]
    ^(0 <- 8, 4)
 1000[04] (B)[0]
 0005[02] (bi)[0, 0]
    ^(4 <- 0, 4)
 2003[02] (iB)[0, 1]
    ^(0 <- 0, 4)
 1003[06] (Bb)[0, 1]
 2007[01] (ihhif)[0, 0, 6, 0, 3.0]
    ^(0 <- 4, 4)
    ^(8 <- 8, 4)
 2000[02] (B)[0]
 1001[00] (f)[2.0]
 2005[14] (iiiB)[0, -1, 0, 0]
    ^(0 <- 8, 4)
 2005[14] (iiiB)[0, -1, 1, 0]
    ^(0 <- 8, 4)
 2005[14] (iiiB)[0, -1, 2, 0]
    ^(0 <- 8, 4)
 2005[14] (iiiB)[0, -1, 3, 0]
    ^(0 <- 8, 4)

11600120, 0
 1003[01] (BBBi)[5, 0, 2, 0]
 2005[14] (iiiB)[0, -1, 0, 0]
    ^(0 <- 8, 4)
 2005[14] (iiiB)[0, -1, 1, 0]
    ^(0 <- 8, 4)
 2005[14] (iiiB)[0, -1, 2, 0]
    ^(0 <- 8, 4)
 2005[14] (iiiB)[0, -1, 3, 0]
    ^(0 <- 8, 4)
 1000[04] (B)[0]
 0005[02] (bi)[0, 0]
    ^(4 <- 0, 4)
 2003[02] (iB)[0, 1]
    ^(0 <- 0, 4)
 1003[06] (Bb)[0, 1]
 0003[04] (bBiB)[1, 3, 0, 1]
    ^(4 <- 16, 4)
 1000[01] (BBb)[2, 1, 1]
 2007[01] (ihhif)[0, 0, 6, 0, 3.0]
    ^(0 <- 12, 4)
    ^(8 <- 8, 4)
 1000[03] (B)[1]
 2007[01] (ihhif)[0, 0, 6, 0, 3.0]
    ^(0 <- 4, 4)
    ^(8 <- 8, 4)
 2000[02] (B)[0]
 1001[00] (f)[2.0]
 2005[14] (iiiB)[0, -1, 0, 0]
    ^(0 <- 8, 4)
 2005[14] (iiiB)[0, -1, 1, 0]
    ^(0 <- 8, 4)
 2005[14] (iiiB)[0, -1, 2, 0]
    ^(0 <- 8, 4)
 2005[14] (iiiB)[0, -1, 3, 0]
    ^(0 <- 8, 4)

11600160, 0
 1003[01] (BBBi)[3, 0, 1, 0]
 2005[07] (ii)[1601142, 0]
 2009[00] (iii)[11600014, 11600015, 1601142]
 1000[04] (B)[0]
 0003[05] (biifhfiBi)[0, 0, 1601142, 60.0, 194, 1.5, 10010500, 255, 0]
 2003[02] (iB)[11600160, 1]
 2004[41] (iBii)[10000, 0, 1601142, 192]
 2003[18] (iiBBB)[10000, 8005, 0, 0, 0]
 1001[00] (f)[0.5]
 2003[18] (iiBBB)[1601142, 0, 0, 1, 0]
 2009[00] (iii)[11600014, 11600015, 1601142]

11600200, 0
 1003[01] (BBBi)[3, 0, 0, 11600201]
 2005[07] (ii)[1601200, 21]
 2005[06] (iiB)[1601202, 6101, 0]
 1000[03] (B)[2]
 2005[07] (ii)[1601200, 20]
 2005[06] (iiB)[1021201, 6101, 0]
 0003[06] (bb)[1, 3]
 0003[00] (bBBi)[1, 0, 0, 11600201]
 0003[02] (bBii)[1, 1, 10000, 1602200]
 0003[06] (bb)[2, 3]
 0003[00] (bBBi)[2, 1, 0, 11600201]
 0003[02] (bBii)[2, 1, 10000, 1602201]
 0003[06] (bb)[3, 3]
 0005[02] (bi)[3, 11020202]
 0003[06] (bb)[4, 3]
 0005[02] (bi)[4, 11600203]
 0000[00] (bBb)[-1, 1, 1]
 0000[00] (bBb)[-1, 1, 2]
 0000[00] (bBb)[-1, 1, 3]
 0000[00] (bBb)[-1, 1, 4]
 0000[00] (bBb)[0, 1, -1]
 1000[09] (f)[3.0]
 2003[02] (iB)[11605120, 1]
 1000[07] (BBb)[10, 1, 2]
 1000[07] (BBb)[9, 1, 3]
 2003[02] (iB)[11600201, 1]
 2005[06] (iiB)[1601202, 6101, 0]
 2003[18] (iiBBB)[1601200, 11, 0, 1, 0]
 2003[18] (iiBBB)[1601200, 1, 0, 1, 0]
 0003[07] (bBi)[0, 0, 1602201]
 2003[18] (iiBBB)[1601200, 21, 0, 1, 0]
 2005[06] (iiB)[1021201, 6101, 1]
 2003[02] (iB)[11605120, 0]
 1000[04] (B)[1]
 2003[02] (iB)[11600201, 0]
 2005[06] (iiB)[1021201, 6101, 0]
 2003[18] (iiBBB)[1601200, 10, 0, 1, 0]
 2003[18] (iiBBB)[1601200, 0, 0, 1, 0]
 0003[07] (bBi)[0, 0, 1602200]
 2003[18] (iiBBB)[1601200, 20, 0, 1, 0]
 2005[06] (iiB)[1601202, 6101, 1]
 2003[02] (iB)[11605120, 0]
 1000[04] (B)[1]

11600250, 0
 2000[02] (B)[0]
 0003[00] (bBBi)[1, 0, 0, 11605120]
 0003[00] (bBBi)[1, 0, 0, 11600201]
 0003[05] (biifhfiBi)[1, 0, 1021201, 60.0, 192, 1.5, 10010501, 255, 0]
 0003[00] (bBBi)[2, 0, 0, 11605120]
 0003[00] (bBBi)[2, 1, 0, 11600201]
 0003[05] (biifhfiBi)[2, 0, 1601202, 60.0, 192, 1.5, 10010501, 255, 0]
 0003[06] (bb)[3, 2]
 0003[00] (bBBi)[3, 0, 0, 11600201]
 0003[02] (bBii)[3, 1, 10000, 1602200]
 0003[06] (bb)[4, 2]
 0003[00] (bBBi)[4, 1, 0, 11600201]
 0003[02] (bBii)[4, 1, 10000, 1602201]
 0003[06] (bb)[5, 2]
 0005[02] (bi)[5, 11020202]
 0003[06] (bb)[6, 2]
 0005[02] (bi)[6, 11600203]
 0000[00] (bBb)[-1, 1, 1]
 0000[00] (bBb)[-1, 1, 2]
 0000[00] (bBb)[-1, 1, 3]
 0000[00] (bBb)[-1, 1, 4]
 0000[00] (bBb)[-1, 1, 5]
 0000[00] (bBb)[-1, 1, 6]
 0000[00] (bBb)[0, 1, -1]
 2007[01] (ihhif)[10010170, 1, 6, -1, 3.0]
 1000[04] (B)[1]

11600199, 0
 1003[02] (BBBi)[0, 1, 1, 0]
 0003[00] (bBBi)[0, 1, 0, 11600100]
 2005[06] (iiB)[1601211, 6101, 1]
 2005[06] (iiB)[1601221, 6101, 1]

11600210, 0
 1003[01] (BBBi)[3, 0, 0, 11600211]
 2005[07] (ii)[1601210, 22]
 2005[06] (iiB)[1601211, 6101, 0]
 1000[03] (B)[2]
 2005[07] (ii)[1601210, 21]
 2005[06] (iiB)[1601212, 6101, 0]
 1003[01] (BBBi)[1, 1, 0, 11600100]
 2005[06] (iiB)[1601211, 6101, 0]
 0003[00] (bBBi)[1, 1, 0, 11600100]
 0003[00] (bBBi)[1, 0, 0, 11600211]
 0003[02] (bBii)[1, 1, 10000, 1602211]
 0003[00] (bBBi)[2, 1, 0, 11600100]
 0003[00] (bBBi)[2, 1, 0, 11600211]
 0003[02] (bBii)[2, 1, 10000, 1602210]
 0005[02] (bi)[3, 11600212]
 0005[02] (bi)[4, 11600213]
 0000[00] (bBb)[-1, 1, 1]
 0000[00] (bBb)[-1, 1, 2]
 0000[00] (bBb)[-1, 1, 3]
 0000[00] (bBb)[-1, 1, 4]
 0000[00] (bBb)[0, 1, -1]
 1000[09] (f)[3.0]
 2003[02] (iB)[11605121, 1]
 1000[07] (BBb)[10, 1, 2]
 1000[07] (BBb)[9, 1, 4]
 2003[02] (iB)[11600211, 1]
 2005[06] (iiB)[1601211, 6101, 0]
 2003[18] (iiBBB)[1601210, 10, 0, 1, 0]
 2003[18] (iiBBB)[1601210, 2, 0, 1, 0]
 0003[07] (bBi)[0, 0, 1602210]
 2003[18] (iiBBB)[1601210, 22, 0, 1, 0]
 2005[06] (iiB)[1601212, 6101, 1]
 2003[02] (iB)[11605121, 0]
 1000[04] (B)[1]
 2003[02] (iB)[11600211, 0]
 2005[06] (iiB)[1601212, 6101, 0]
 2003[18] (iiBBB)[1601210, 13, 0, 1, 0]
 2003[18] (iiBBB)[1601210, 3, 0, 1, 0]
 0003[07] (bBi)[0, 0, 1602211]
 2003[18] (iiBBB)[1601210, 21, 0, 1, 0]
 2005[06] (iiB)[1601211, 6101, 1]
 2003[02] (iB)[11605121, 0]
 1000[04] (B)[1]

11600251, 0
 2000[02] (B)[0]
 0003[00] (bBBi)[1, 0, 0, 11605121]
 0003[00] (bBBi)[1, 1, 0, 11600211]
 0003[05] (biifhfiBi)[1, 0, 1601211, 60.0, 192, 1.5, 10010501, 255, 0]
 0003[00] (bBBi)[2, 0, 0, 11605121]
 0003[00] (bBBi)[2, 0, 0, 11600211]
 0003[05] (biifhfiBi)[2, 0, 1601212, 60.0, 192, 1.5, 10010501, 255, 0]
 0003[00] (bBBi)[3, 0, 0, 11600100]
 0003[05] (biifhfiBi)[3, 0, 1601211, 60.0, 192, 1.5, 10010501, 255, 0]
 0000[00] (bBb)[-1, 1, 1]
 0000[00] (bBb)[-1, 1, 2]
 0000[00] (bBb)[-1, 1, 3]
 0000[00] (bBb)[0, 1, -1]
 2007[01] (ihhif)[10010170, 1, 6, -1, 3.0]
 1000[04] (B)[1]

11600220, 0
 1003[01] (BBBi)[3, 0, 0, 11600221]
 2005[07] (ii)[1601220, 24]
 2005[06] (iiB)[1601221, 6101, 0]
 1000[03] (B)[2]
 2005[07] (ii)[1601220, 21]
 2005[06] (iiB)[1601222, 6101, 0]
 1003[01] (BBBi)[1, 1, 0, 11600100]
 2005[06] (iiB)[1601221, 6101, 0]
 0003[00] (bBBi)[1, 1, 0, 11600100]
 0003[00] (bBBi)[1, 0, 0, 11600221]
 0003[02] (bBii)[1, 1, 10000, 1602221]
 0003[00] (bBBi)[2, 1, 0, 11600100]
 0003[00] (bBBi)[2, 1, 0, 11600221]
 0003[02] (bBii)[2, 1, 10000, 1602220]
 0005[02] (bi)[3, 11600222]
 0005[02] (bi)[4, 11600223]
 0000[00] (bBb)[-1, 1, 1]
 0000[00] (bBb)[-1, 1, 2]
 0000[00] (bBb)[-1, 1, 3]
 0000[00] (bBb)[-1, 1, 4]
 0000[00] (bBb)[0, 1, -1]
 1000[09] (f)[3.0]
 2003[02] (iB)[11605122, 1]
 1000[07] (BBb)[10, 1, 2]
 1000[07] (BBb)[9, 1, 4]
 2003[02] (iB)[11600221, 1]
 2005[06] (iiB)[1601221, 6101, 0]
 2003[18] (iiBBB)[1601220, 10, 0, 1, 0]
 2003[18] (iiBBB)[1601220, 4, 0, 1, 0]
 0003[07] (bBi)[0, 0, 1602220]
 2003[18] (iiBBB)[1601220, 24, 0, 1, 0]
 2005[06] (iiB)[1601222, 6101, 1]
 2003[02] (iB)[11605122, 0]
 1000[04] (B)[1]
 2003[02] (iB)[11600221, 0]
 2005[06] (iiB)[1601222, 6101, 0]
 2003[18] (iiBBB)[1601220, 15, 0, 1, 0]
 2003[18] (iiBBB)[1601220, 5, 0, 1, 0]
 0003[07] (bBi)[0, 0, 1602221]
 2003[18] (iiBBB)[1601220, 21, 0, 1, 0]
 2005[06] (iiB)[1601221, 6101, 1]
 2003[02] (iB)[11605122, 0]
 1000[04] (B)[1]

11600252, 0
 2000[02] (B)[0]
 0003[00] (bBBi)[1, 0, 0, 11605122]
 0003[00] (bBBi)[1, 1, 0, 11600221]
 0003[05] (biifhfiBi)[1, 0, 1601221, 60.0, 192, 1.5, 10010501, 255, 0]
 0003[00] (bBBi)[2, 0, 0, 11605122]
 0003[00] (bBBi)[2, 0, 0, 11600221]
 0003[05] (biifhfiBi)[2, 0, 1601222, 60.0, 192, 1.5, 10010501, 255, 0]
 0003[00] (bBBi)[3, 0, 0, 11600100]
 0003[05] (biifhfiBi)[3, 0, 1601221, 60.0, 192, 1.5, 10010501, 255, 0]
 0000[00] (bBb)[-1, 1, 1]
 0000[00] (bBb)[-1, 1, 2]
 0000[00] (bBb)[-1, 1, 3]
 0000[00] (bBb)[0, 1, -1]
 2007[01] (ihhif)[10010170, 1, 6, -1, 3.0]
 1000[04] (B)[1]

11600230, 0
 1003[01] (BBBi)[3, 0, 0, 11600231]
 2005[07] (ii)[1601230, 26]
 2005[06] (iiB)[1601231, 6101, 0]
 1000[03] (B)[2]
 2005[07] (ii)[1601230, 21]
 2005[06] (iiB)[1601232, 6101, 0]
 0003[00] (bBBi)[1, 0, 0, 11600231]
 0003[02] (bBii)[1, 1, 10000, 1602231]
 0003[00] (bBBi)[2, 1, 0, 11600231]
 0003[02] (bBii)[2, 1, 10000, 1602230]
 0005[02] (bi)[3, 11600232]
 0005[02] (bi)[4, 11600233]
 0000[00] (bBb)[-1, 1, 1]
 0000[00] (bBb)[-1, 1, 2]
 0000[00] (bBb)[-1, 1, 3]
 0000[00] (bBb)[-1, 1, 4]
 0000[00] (bBb)[0, 1, -1]
 1000[09] (f)[3.0]
 2003[02] (iB)[11605123, 1]
 1000[07] (BBb)[10, 1, 2]
 1000[07] (BBb)[9, 1, 4]
 2003[02] (iB)[11600231, 1]
 2005[06] (iiB)[1601231, 6101, 0]
 2003[18] (iiBBB)[1601230, 10, 0, 1, 0]
 2003[18] (iiBBB)[1601230, 6, 0, 1, 0]
 0003[07] (bBi)[0, 0, 1602230]
 2003[18] (iiBBB)[1601230, 26, 0, 1, 0]
 2005[06] (iiB)[1601232, 6101, 1]
 2003[02] (iB)[11605123, 0]
 1000[04] (B)[1]
 2003[02] (iB)[11600231, 0]
 2005[06] (iiB)[1601232, 6101, 0]
 2003[18] (iiBBB)[1601230, 17, 0, 1, 0]
 2003[18] (iiBBB)[1601230, 7, 0, 1, 0]
 0003[07] (bBi)[0, 0, 1602231]
 2003[18] (iiBBB)[1601230, 21, 0, 1, 0]
 2005[06] (iiB)[1601231, 6101, 1]
 2003[02] (iB)[11605123, 0]
 1000[04] (B)[1]

11600253, 0
 2000[02] (B)[0]
 0003[00] (bBBi)[1, 0, 0, 11605123]
 0003[00] (bBBi)[1, 1, 0, 11600231]
 0003[05] (biifhfiBi)[1, 0, 1601231, 60.0, 192, 1.5, 10010501, 255, 0]
 0003[00] (bBBi)[2, 0, 0, 11605123]
 0003[00] (bBBi)[2, 0, 0, 11600231]
 0003[05] (biifhfiBi)[2, 0, 1601232, 60.0, 192, 1.5, 10010501, 255, 0]
 0000[00] (bBb)[-1, 1, 1]
 0000[00] (bBb)[-1, 1, 2]
 0000[00] (bBb)[0, 1, -1]
 2007[01] (ihhif)[10010170, 1, 6, -1, 3.0]
 1000[04] (B)[1]

11605150, 1
 2000[02] (B)[0]
 0004[00] (biB)[1, 0, 1]
    ^(4 <- 0, 4)
 1000[02] (BBb)[0, 1, 1]
 0003[02] (bBii)[0, 0, 0, 0]
    ^(4 <- 0, 4)
    ^(8 <- 4, 4)
 2004[20] (i)[0]
    ^(0 <- 0, 4)
 1001[00] (f)[5.0]
 1000[04] (B)[1]

11605001, 1
 1003[01] (BBBi)[2, 0, 2, 0]
 2004[09] (iiiiii)[0, -1, -1, -1, -1, -1]
    ^(0 <- 0, 4)
 1000[04] (B)[0]
 2004[01] (iB)[0, 0]
    ^(0 <- 0, 4)
 0003[03] (bBiif)[1, 1, 0, 10000, 0.0]
    ^(4 <- 0, 4)
    ^(12 <- 4, 4)
 0004[01] (bii)[2, 0, 10000]
    ^(4 <- 0, 4)
 0000[00] (bBb)[-1, 1, 1]
 0000[00] (bBb)[-1, 1, 2]
 0000[00] (bBb)[0, 1, -1]
 1000[07] (BBb)[2, 1, 1]
 2004[09] (iiiiii)[0, -1, -1, -1, -1, -1]
    ^(0 <- 0, 4)
 1000[03] (B)[1]
 2004[09] (iiiiii)[0, -1, -1, 0, -1, -1]
    ^(0 <- 0, 4)
    ^(12 <- 8, 4)
 2004[01] (iB)[0, 1]
    ^(0 <- 0, 4)

11605050, 1
 1003[01] (BBBi)[2, 0, 2, 0]
 2004[09] (iiiiii)[0, -1, -1, -1, -1, -1]
    ^(0 <- 0, 4)
 1000[04] (B)[0]
 2004[01] (iB)[0, 0]
    ^(0 <- 0, 4)
 0003[02] (bBii)[1, 1, 10000, 0]
    ^(8 <- 4, 4)
 0004[01] (bii)[2, 0, 10000]
    ^(4 <- 0, 4)
 1000[05] (Bbii)[1, 0, 0, 0]
    ^(4 <- 12, 4)
 0003[03] (bBiif)[3, 1, 0, 10000, 0.0]
    ^(4 <- 0, 4)
    ^(12 <- 16, 4)
 0000[00] (bBb)[-1, 1, 1]
 0000[00] (bBb)[-1, 1, 2]
 1000[05] (Bbii)[1, 0, 0, 0]
    ^(4 <- 12, 4)
 0000[00] (bBb)[-1, 1, 3]
 0000[00] (bBb)[0, 1, -1]
 1000[07] (BBb)[2, 1, 1]
 2004[09] (iiiiii)[0, -1, -1, -1, -1, -1]
    ^(0 <- 0, 4)
 1000[03] (B)[1]
 2004[09] (iiiiii)[0, -1, -1, 0, -1, -1]
    ^(0 <- 0, 4)
    ^(12 <- 8, 4)
 2004[01] (iB)[0, 1]
    ^(0 <- 0, 4)

11605101, 1
 1003[01] (BBBi)[2, 0, 1, 0]
 2004[17] (iiB)[1600300, 1, 0]
 1000[04] (B)[0]
 0004[08] (biiB)[0, 1600300, 700, 1]
 2004[13] (ii)[1600300, 1602300]
 2004[17] (iiB)[1600300, 0, 0]
 2004[20] (i)[1600300]
 0003[02] (bBii)[0, 1, 1600300, 1602301]
 2004[17] (iiB)[1600300, 1, 0]

11600810, 1
 1003[01] (BBBi)[2, 0, 1, 0]
 2004[05] (iB)[1600500, 0]
 1000[04] (B)[0]
 0004[00] (biB)[0, 1600500, 1]
 0004[03] (bib)[-1, 10000, 0]
 0004[03] (bib)[-1, 10000, 8]
 1000[02] (BBb)[0, 0, -1]
 2003[36] (i)[34200200]

11600400, 1
 2004[31] (iB)[1600500, 1]
 2004[10] (iB)[1600500, 0]
 1003[01] (BBBi)[2, 0, 1, 0]
 2004[09] (iiiiii)[1600500, -1, -1, 29060, -1, -1]
 1000[04] (B)[0]
 0003[03] (bBiif)[-1, 1, 1600500, 10000, 10.0]
 0004[01] (bii)[-1, 1600500, 10000]
 0000[00] (bBb)[0, 1, -1]
 2004[09] (iiiiii)[1600500, -1, -1, -1, -1, -1]
 2003[18] (iiBBB)[1600500, 29060, 0, 0, 0]

11605200, 1
 1003[01] (BBBi)[3, 0, 2, 0]
 0004[07] (biB)[0, 0, 1]
    ^(4 <- 0, 4)
 2004[17] (iiB)[0, 0, 0]
    ^(0 <- 0, 4)
    ^(4 <- 8, 4)
 1000[04] (B)[0]
 2004[05] (iB)[0, 0]
    ^(0 <- 4, 4)
 0004[07] (biB)[1, 0, 1]
    ^(4 <- 0, 4)
 0004[08] (biiB)[1, 0, 300, 1]
    ^(4 <- 0, 4)
 0003[00] (bBBi)[1, 1, 0, 0]
    ^(4 <- 12, 4)
 0000[00] (bBb)[0, 1, 1]
 2004[17] (iiB)[0, 0, 0]
    ^(0 <- 0, 4)
    ^(4 <- 8, 4)
 2004[05] (iB)[0, 1]
    ^(0 <- 4, 4)
 2004[42] (iBiii)[0, 2, 0, 100, 0]
    ^(0 <- 4, 4)
    ^(8 <- 0, 4)
    ^(16 <- 0, 4)
 2003[18] (iiBBB)[0, 8300, 0, 1, 0]
    ^(0 <- 4, 4)
 0004[08] (biiB)[1, 0, 300, 0]
    ^(4 <- 0, 4)
 1000[04] (B)[0]

11605250, 1
 2000[02] (B)[0]
 1003[01] (BBBi)[1, 1, 2, 0]
 0004[08] (biiB)[0, 0, 400, 1]
    ^(4 <- 0, 4)
 2004[05] (iB)[0, 0]
    ^(0 <- 0, 4)

11600850, 1
 1003[01] (BBBi)[3, 0, 2, 0]
 2004[05] (iB)[0, 0]
    ^(0 <- 0, 4)
 2004[04] (iB)[0, 0]
    ^(0 <- 0, 4)
 1000[04] (B)[0]
 0004[00] (biB)[0, 0, 1]
    ^(4 <- 0, 4)
 1000[04] (B)[0]

11600600, 0
 1003[01] (BBBi)[4, 0, 2, 0]
 2005[07] (ii)[0, 0]
    ^(0 <- 0, 4)
 2005[06] (iiB)[0, -1, 0]
    ^(0 <- 0, 4)
 2005[04] (iB)[0, 1]
    ^(0 <- 0, 4)
 1000[04] (B)[0]
 2005[04] (iB)[0, 0]
    ^(0 <- 0, 4)
 0005[02] (bi)[0, 0]
    ^(4 <- 4, 4)
 1001[01] (i)[10]
 2005[04] (iB)[0, 1]
    ^(0 <- 0, 4)

11600650, 0
 1003[01] (BBBi)[3, 0, 2, 0]
 2005[07] (ii)[0, 101]
    ^(0 <- 0, 4)
 2005[04] (iB)[0, 1]
    ^(0 <- 0, 4)
 1000[04] (B)[0]
 2005[04] (iB)[0, 0]
    ^(0 <- 0, 4)
 2003[18] (iiBBB)[0, 100, 1, 0, 0]
    ^(0 <- 0, 4)
 0005[00] (bBi)[0, 1, 0]
    ^(4 <- 4, 4)
 2003[18] (iiBBB)[0, 101, 0, 1, 0]
    ^(0 <- 0, 4)
 2005[04] (iB)[0, 1]
    ^(0 <- 0, 4)

11600510, 0
 0004[02] (bibf)[1, 0, 5, 0.8999999761581421]
    ^(4 <- 0, 4)
 0004[02] (bibf)[1, 0, 2, 0.0]
    ^(4 <- 0, 4)
 0004[01] (bii)[1, 0, 10000]
    ^(4 <- 0, 4)
 0003[00] (bBBi)[2, 1, 0, 0]
    ^(4 <- 4, 4)
 0003[00] (bBBi)[2, 1, 2, 0]
 0003[00] (bBBi)[3, 1, 0, 0]
    ^(4 <- 4, 4)
 0003[00] (bBBi)[3, 0, 2, 0]
 0000[00] (bBb)[-1, 1, 1]
 0000[00] (bBb)[-1, 1, 2]
 0000[00] (bBb)[-1, 1, 3]
 0000[00] (bBb)[0, 1, -1]
 1000[07] (BBb)[2, 0, 3]
 2004[05] (iB)[0, 0]
    ^(0 <- 0, 4)
 0003[00] (bBBi)[0, 1, 0, 703]
 2003[02] (iB)[0, 1]
    ^(0 <- 4, 4)
 2004[44] (iB)[0, 9]
    ^(0 <- 0, 4)
 2000[05] (B)[0]

11600520, 0
 1003[01] (BBBi)[2, 0, 2, 0]
 2004[37] (i)[0]
    ^(0 <- 0, 4)
 1000[04] (B)[0]
 0004[02] (bibf)[0, 0, 5, 0.0]
    ^(4 <- 0, 4)
 2003[22] (iiB)[0, 0, 0]
    ^(0 <- 4, 4)
    ^(4 <- 8, 4)
 2003[02] (iB)[0, 1]
    ^(0 <- 12, 4)

11600530, 0
 0003[00] (bBBi)[1, 0, 0, 1314]
 0003[00] (bBBi)[1, 1, 0, 1310]
 0003[00] (bBBi)[1, 1, 0, 710]
 0004[00] (biB)[1, 0, 0]
    ^(4 <- 0, 4)
 0000[00] (bBb)[0, 1, 1]
 2003[22] (iiB)[0, 0, 0]
    ^(0 <- 4, 4)
    ^(4 <- 8, 4)
 2003[02] (iB)[0, 1]
    ^(0 <- 12, 4)

11600531, 0
 0003[00] (bBBi)[1, 0, 0, 1314]
 0003[00] (bBBi)[1, 1, 0, 1311]
 0003[00] (bBBi)[1, 1, 0, 11600100]
 0004[00] (biB)[1, 0, 0]
    ^(4 <- 0, 4)
 0000[00] (bBb)[0, 1, 1]
 2003[22] (iiB)[0, 0, 0]
    ^(0 <- 4, 4)
    ^(4 <- 8, 4)
 2003[02] (iB)[0, 1]
    ^(0 <- 12, 4)

11600532, 0
 0003[00] (bBBi)[1, 0, 0, 1314]
 0003[00] (bBBi)[1, 1, 0, 1312]
 0003[00] (bBBi)[1, 1, 0, 13]
 0003[00] (bBBi)[1, 1, 0, 11600593]
 0003[08] (bBBB)[1, 0, 16, 0]
 0000[00] (bBb)[0, 1, 1]
 2003[22] (iiB)[0, 0, 0]
    ^(0 <- 4, 4)
    ^(4 <- 8, 4)
 2003[02] (iB)[0, 1]
    ^(0 <- 12, 4)
 2004[05] (iB)[0, 0]
    ^(0 <- 0, 4)

11600537, 0
 1003[02] (BBBi)[0, 0, 0, 1670]
 2004[05] (iB)[0, 0]
    ^(0 <- 0, 4)
 0003[06] (bb)[1, 0]
 0003[00] (bBBi)[1, 1, 0, 1670]
 0003[00] (bBBi)[1, 0, 0, 11800100]
 0003[00] (bBBi)[1, 1, 0, 13]
 0000[00] (bBb)[0, 1, 1]
 2004[05] (iB)[0, 1]
    ^(0 <- 0, 4)
 2003[18] (iiBBB)[0, 9060, 0, 1, 0]
    ^(0 <- 0, 4)
 2003[22] (iiB)[0, 0, 0]
    ^(0 <- 4, 4)
    ^(4 <- 8, 4)
 2003[02] (iB)[0, 1]
    ^(0 <- 12, 4)

11600538, 0
 0003[00] (bBBi)[1, 1, 0, 1671]
 0003[00] (bBBi)[1, 1, 0, 710]
 0004[00] (biB)[1, 0, 0]
    ^(4 <- 0, 4)
 0000[00] (bBb)[0, 1, 1]
 2003[22] (iiB)[0, 0, 0]
    ^(0 <- 4, 4)
    ^(4 <- 8, 4)
 2003[02] (iB)[0, 1]
    ^(0 <- 12, 4)

11600539, 0
 0003[00] (bBBi)[1, 1, 0, 1672]
 0003[00] (bBBi)[1, 1, 0, 11800100]
 0004[00] (biB)[1, 0, 0]
    ^(4 <- 0, 4)
 0000[00] (bBb)[0, 1, 1]
 2003[22] (iiB)[0, 0, 0]
    ^(0 <- 4, 4)
    ^(4 <- 8, 4)
 2003[02] (iB)[0, 1]
    ^(0 <- 12, 4)

11600540, 0
 0003[00] (bBBi)[-1, 1, 0, 1672]
 0003[00] (bBBi)[-1, 1, 0, 1678]
 0000[00] (bBb)[1, 1, -1]
 0003[00] (bBBi)[1, 1, 0, 11600590]
 0000[00] (bBb)[0, 1, 1]
 2003[22] (iiB)[0, 0, 0]
    ^(0 <- 4, 4)
    ^(4 <- 8, 4)
 2003[02] (iB)[0, 1]
    ^(0 <- 12, 4)
 2003[18] (iiBBB)[0, 7005, 0, 1, 0]
    ^(0 <- 0, 4)
 2004[05] (iB)[0, 0]
    ^(0 <- 0, 4)

11600541, 0
 0003[08] (bBBB)[1, 1, 16, 0]
 0003[00] (bBBi)[-1, 1, 0, 11600590]
 0004[02] (bibf)[2, 0, 5, 0.8999999761581421]
    ^(4 <- 0, 4)
 0004[02] (bibf)[2, 0, 2, 0.0]
    ^(4 <- 0, 4)
 0004[01] (bii)[2, 0, 10000]
    ^(4 <- 0, 4)
 0003[03] (bBiif)[2, 0, 0, 10000, 15.0]
    ^(4 <- 0, 4)
 0000[00] (bBb)[-1, 1, 2]
 0000[00] (bBb)[1, 1, -1]
 0000[00] (bBb)[0, 1, 1]
 2003[22] (iiB)[0, 0, 0]
    ^(0 <- 4, 4)
    ^(4 <- 8, 4)
 2003[02] (iB)[0, 1]
    ^(0 <- 12, 4)
 2003[18] (iiBBB)[0, 7005, 0, 1, 0]
    ^(0 <- 0, 4)
 2004[05] (iB)[0, 0]
    ^(0 <- 0, 4)

11600545, 0
 0003[00] (bBBi)[0, 1, 0, 1464]
 2004[05] (iB)[0, 1]
    ^(0 <- 0, 4)
 2004[44] (iB)[0, 9]
    ^(0 <- 0, 4)

11606200, 0
 0003[00] (bBBi)[-1, 1, 0, 1672]
 0003[00] (bBBi)[-1, 1, 0, 1673]
 0003[00] (bBBi)[-1, 1, 0, 1674]
 0000[00] (bBb)[1, 1, -1]
 0003[08] (bBBB)[1, 1, 16, 0]
 0003[00] (bBBi)[1, 1, 0, 821]
 0000[00] (bBb)[0, 1, 1]
 2003[02] (iB)[821, 0]
 2003[02] (iB)[831, 1]
 2004[05] (iB)[6341, 1]
 2002[04] (iIiBBi)[160040, 0, 1802110, 18, 0, 10000]
 2002[03] (iIi)[180041, 0, 10000]
 1001[01] (i)[1]
 2003[02] (iB)[823, 1]
 1000[04] (B)[1]

11605030, 0
 1003[05] (Bb)[1, 1]
 2004[28] (ii)[6520, 4095]
 1003[01] (BBBi)[3, 1, 0, 11605034]
 0003[06] (bb)[2, 1]
 0003[00] (bBBi)[2, 1, 0, 11605031]
 1000[01] (BBb)[1, 1, 2]
 2004[05] (iB)[6520, 0]
 1003[02] (BBBi)[0, 1, 0, 13]
 0003[06] (bb)[1, 0]
 0004[03] (bib)[1, 10000, 0]
 0003[00] (bBBi)[1, 1, 0, 11200300]
 0004[07] (biB)[1, 6520, 1]
 0003[03] (bBiif)[1, 1, 6520, 10000, 5.0]
 0000[00] (bBb)[0, 1, 1]
 2003[25] (iiiii)[0, 6520, 1602000, 11605031, 11605034]

11605032, 0
 1003[02] (BBBi)[0, 1, 1, 0]
 0003[00] (bBBi)[1, 1, 0, 11605031]
 0003[00] (bBBi)[1, 1, 0, 11605393]
 0000[00] (bBb)[0, 1, 1]
 2004[17] (iiB)[6520, 10, 0]
 2004[20] (i)[6520]
 0003[02] (bBii)[0, 1, 6520, 1602998]
 2004[14] (ii)[6520, 1602997]
 2003[18] (iiBBB)[6520, 7410, 0, 0, 0]
 2004[17] (iiB)[6520, -1, 0]
 2004[20] (i)[6520]

11605033, 0
 0003[00] (bBBi)[1, 1, 0, 11605031]
 0004[05] (biiB)[1, 6520, 2200, 1]
 0003[02] (bBii)[1, 1, 6520, 1602999]
 0000[00] (bBb)[0, 1, 1]
 2004[15] (iB)[6520, 1]
 1001[00] (f)[2.0]
 2004[15] (iB)[6520, 0]

11602000, 1
 1003[01] (BBBi)[7, 0, 0, 1907]
 2004[05] (iB)[1600452, 0]
 2004[05] (iB)[1600200, 0]
 2004[05] (iB)[1600201, 0]
 2004[05] (iB)[1600301, 0]
 2004[05] (iB)[1600302, 0]
 2004[05] (iB)[1600300, 0]
 1000[04] (B)[0]
 2004[15] (iB)[1600452, 1]
 2004[02] (ib)[1600452, 2]
 2004[09] (iiiiii)[1600452, 7009, -1, -1, -1, -1]
 0004[00] (biB)[1, 1600200, 1]
 0004[00] (biB)[1, 1600201, 1]
 0004[00] (biB)[1, 1600301, 1]
 0004[00] (biB)[1, 1600302, 1]
 0004[00] (biB)[1, 1600300, 1]
 0000[00] (bBb)[0, 1, 1]
 0003[05] (biifhfiBi)[0, 2, 1600452, 180.0, -1, 2.0, 10010360, 48, 0]
 2004[14] (ii)[10000, 1600452]
 2003[18] (iiBBB)[10000, 7895, 0, 1, 0]
 2003[18] (iiBBB)[10000, 7896, 1, 0, 0]
 1001[00] (f)[1.0]
 0004[05] (biiB)[2, 10000, 4704, 1]
 1000[01] (BBb)[11, 0, 2]
 2007[03] (iB)[10010361, 1]
 2003[02] (iB)[1907, 1]
 2004[08] (ii)[10000, 4807]
 1001[00] (f)[1.0]
 2003[18] (iiBBB)[10000, 7897, 0, 0, 0]
 1001[00] (f)[2.0]
 2007[02] (B)[9]
 1001[00] (f)[3.0]
 2003[14] (BBi)[10, 2, -1]
 1000[04] (B)[0]
 1000[03] (B)[4]
 2007[03] (iB)[10010362, 1]
 1001[00] (f)[1.0]
 2003[18] (iiBBB)[10000, 7897, 0, 0, 0]
 1000[04] (B)[1]

11602001, 0
 1003[02] (BBBi)[0, 1, 1, 0]
 2003[23] (i)[1602676]