0, 0
 2009[03] (iiffi)[11700976, 1701962, 2.0, 180.0, 0]
 2009[00] (iii)[11700010, 11700011, 1701140]
 2009[00] (iii)[11700012, 11700013, 1701141]
 2009[00] (iii)[11700014, 11700015, 1701142]
 2009[00] (iii)[11700016, 11700017, 1701143]
 2005[10] (iBBB)[1701900, 17, 0, 1]
 2005[10] (iBBB)[1701901, 17, 0, 1]
 2005[10] (iBBB)[1701902, 17, 0, 1]
 2005[10] (iBBB)[1701903, 17, 0, 1]
 2005[10] (iBBB)[1701904, 17, 0, 1]
 2005[10] (iBBB)[1701905, 17, 0, 1]
 2005[10] (iBBB)[1701906, 17, 0, 1]
 2005[10] (iBBB)[1701907, 17, 0, 1]
 1003[05] (Bb)[5, 1]
 2003[02] (iB)[405, 1]
 2005[03] (iB)[1701994, 0]
 2006[01] (iB)[1701995, 0]
 2005[03] (iB)[1701996, 0]
 2006[01] (iB)[1701997, 0]
 1003[01] (BBBi)[1, 0, 0, 11700140]
 2003[02] (iB)[405, 0]
 2005[07] (ii)[1701410, 0]
 2000[00] (iII|III)[0, 11700083, 1701706, 1701707, 1702606, 1702607]
 2000[00] (iII)[0, 11700085, 0]
 2000[00] (iII)[0, 11705080, 0]
 2000[00] (iII)[0, 11705081, 0]
 2000[00] (iII)[0, 11705082, 0]
 2010[03] (iB)[1703801, 0]
 2005[03] (iB)[1701050, 0]
 2005[03] (iB)[1701890, 0]
 2006[01] (iB)[1701891, 0]
 2000[00] (iII)[0, 11700110, 0]
 2000[00] (iII|IIII)[0, 11700120, 11700120, 1701120, 1701121, 0, 0]
 2005[07] (ii)[1701125, 1]
 2000[00] (iII|IIIIII)[0, 11700160, 11700100, 1701100, 11700210, 11700211, 11705090, 11705180, 11705181]
 2000[00] (iII|IIIIII)[0, 11700105, 11700100, 1701100, 1701101, 1701102, 11705090, 11705180, 11705181]
 2005[07] (ii)[1701130, 11]
 2005[06] (iiB)[1701131, -1, 0]
 2005[06] (iiB)[1701132, -1, 0]
 2000[00] (iIi|Bii)[0, 11700090, 11700100, 0, 1701101, 11705090]
 2000[00] (iIi|Bii)[1, 11700090, 11700100, 1, 1701102, 11705090]
 2000[00] (iIi|Bii)[2, 11700090, 11700102, 0, 1701131, 11705091]
 2000[00] (iIi|Bii)[3, 11700090, 11700102, 1, 1701132, 11705091]
 2000[00] (iII|II)[0, 11705150, 11700205, 1701200, 1701210]
 2000[00] (iII|IIIIIII)[0, 11700200, 11700205, 1701200, 1701201, 1703200, 1703201, 1703010, 1703011, 11705151]
 2000[00] (iII|IIIIIII)[1, 11700200, 11700205, 1701210, 1701211, 1703210, 1703211, 1703012, 1703013, 11705152]
 2000[00] (iII|I)[0, 11700150, 1703100, 1702780]
 2000[00] (iII|I)[1, 11700150, 1703101, 1702781]
 2000[00] (iII|II)[0, 11700300, 11700300, 10010865, 1701500]
 2000[00] (iII|II)[1, 11700300, 11700311, 10010865, 1701501]
 2000[00] (iII|II)[2, 11700300, 11700302, 10010865, 1701502]
 2000[00] (iII|II)[3, 11700300, 11700313, 10010865, 1701503]
 2000[00] (iII|II)[4, 11700300, 11700304, 10010865, 1701504]
 2000[00] (iII|II)[5, 11700300, 11700305, 10010865, 1701505]
 2000[00] (iII|II)[6, 11700300, 11700320, 10010865, 1701506]
 2005[07] (ii)[1701300, 0]
 2010[03] (iB)[1703800, 0]
 2005[03] (iB)[1701800, 0]
 2005[03] (iB)[1701990, 0]
 2006[01] (iB)[1701991, 0]
 2000[00] (iII|II)[12, 11700810, 1700150, 0, 0]
 2000[00] (iII)[0, 11705110, 1700110]
 2000[00] (iII)[1, 11705110, 1700111]
 2000[00] (iII)[2, 11705110, 1700112]
 2000[00] (iII)[3, 11705110, 1700113]
 2000[00] (iII)[4, 11705110, 1700114]
 2000[00] (iII)[5, 11705110, 1700115]
 2000[00] (iII)[6, 11705110, 1700116]
 2000[00] (iII)[7, 11705110, 1700117]
 2000[00] (iII)[8, 11705110, 1700118]
 2000[00] (iII)[9, 11705110, 1700119]
 2000[00] (iII)[10, 11705110, 1700120]
 2000[00] (iII)[11, 11705110, 1700121]
 2000[00] (iII)[12, 11705110, 1700122]
 2000[00] (iII)[13, 11705110, 1700123]
 2000[00] (iII)[14, 11705110, 1700124]
 2000[00] (iII)[15, 11705110, 1700125]
 2000[00] (iII)[16, 11705110, 1700126]
 2000[00] (iII)[17, 11705110, 1700127]
 2000[00] (iII)[18, 11705110, 1700908]
 2000[00] (iII)[19, 11705110, 1700909]
 2000[00] (iII)[0, 11702000, 0]
 2000[00] (iII)[0, 11702003, 0]
 2000[00] (iII)[0, 11702006, 0]
 2000[00] (iII|IIIII)[0, 11702010, 1701650, 1700400, 1700410, 1700600, 11702020, 1702740]
 2000[00] (iII|IIIII)[1, 11702010, 1701651, 1700401, 1700411, 1700601, 11702021, 1702741]
 2000[00] (iII|IIIII)[2, 11702010, 1701652, 1700402, 1700412, 1700602, 11702022, 1702742]
 2000[00] (iII|IIIII)[3, 11702010, 1701653, 1700403, 1700413, 1700603, 11702023, 1702743]
 2000[00] (iII|IIIII)[4, 11702010, 1701654, 1700404, 1700414, 1700604, 11702024, 1702744]
 2000[00] (iII|IIIII)[5, 11702010, 1701655, 1700405, 1700415, 1700605, 11702025, 1702745]

50, 0
 2000[00] (iII)[0, 11702001, 0]
 2000[00] (iII)[0, 11702004, 0]
 2000[00] (iII)[0, 11702002, 0]
 2000[00] (iII)[0, 11702005, 0]

11700080, 0
 1003[01] (BBBi)[3, 0, 2, 0]
 2005[03] (iB)[0, 0]
    ^(0 <- 0, 4)
 2006[01] (iB)[0, 0]
    ^(0 <- 4, 4)
 1000[04] (B)[0]
 0003[18] (biifhfiBii)[1, 1, 0, 0.0, 0, 0.0, 10010403, 48, 0, 0]
    ^(8 <- 8, 4)
    ^(36 <- 0, 4)
 0003[18] (biifhfiBii)[2, 1, 0, 0.0, 0, 0.0, 10010407, 48, 0, 0]
    ^(8 <- 12, 4)
    ^(36 <- 0, 4)
 0003[00] (bBBi)[3, 1, 0, 11700080]
 0000[00] (bBb)[-1, 1, 1]
 0000[00] (bBb)[-1, 1, 2]
 0000[00] (bBb)[-1, 1, 3]
 0000[00] (bBb)[0, 1, -1]
 2003[02] (iB)[11700080, 1]
 1000[07] (BBb)[5, 1, 3]
 1000[07] (BBb)[2, 1, 2]
 2004[41] (iBii)[10000, 1, 0, -1]
    ^(8 <- 8, 4)
 1000[03] (B)[1]
 2004[41] (iBii)[10000, 1, 0, -1]
    ^(8 <- 12, 4)
 2003[18] (iiBBB)[10000, 7410, 0, 0, 0]
 2005[03] (iB)[0, 0]
    ^(0 <- 0, 4)
 2006[01] (iB)[0, 1]
    ^(0 <- 4, 4)

11700083, 0
 1003[01] (BBBi)[3, 0, 2, 0]
 2005[03] (iB)[0, 0]
    ^(0 <- 0, 4)
 2006[01] (iB)[0, 0]
    ^(0 <- 4, 4)
 1000[04] (B)[0]
 0003[18] (biifhfiBii)[1, 1, 0, 0.0, 0, 0.0, 10010403, 48, 0, 0]
    ^(8 <- 8, 4)
    ^(36 <- 0, 4)
 0003[18] (biifhfiBii)[2, 1, 0, 0.0, 0, 0.0, 10010407, 48, 0, 0]
    ^(8 <- 12, 4)
    ^(36 <- 0, 4)
 0000[00] (bBb)[-1, 1, 1]
 0000[00] (bBb)[-1, 1, 2]
 0000[00] (bBb)[0, 1, -1]
 1000[07] (BBb)[2, 1, 2]
 2004[41] (iBii)[10000, 1, 0, -1]
    ^(8 <- 8, 4)
 1000[03] (B)[1]
 2004[41] (iBii)[10000, 1, 0, -1]
    ^(8 <- 12, 4)
 2003[18] (iiBBB)[10000, 7410, 0, 0, 0]
 2005[03] (iB)[0, 0]
    ^(0 <- 0, 4)
 2006[01] (iB)[0, 1]
    ^(0 <- 4, 4)

11705080, 1
 1003[02] (BBBi)[0, 1, 1, 0]
 2004[05] (iB)[1700900, 0]
 2004[05] (iB)[1700901, 0]
 2004[05] (iB)[1700902, 0]
 2004[05] (iB)[1700903, 0]
 2004[05] (iB)[1700904, 0]
 2004[05] (iB)[1700905, 0]
 2004[05] (iB)[1700906, 0]
 2004[05] (iB)[1700907, 0]
 2004[05] (iB)[1700908, 0]
 2004[05] (iB)[1700909, 0]
 0003[00] (bBBi)[0, 1, 0, 11700050]
 1003[02] (BBBi)[0, 1, 0, 735]
 2003[02] (iB)[5000, 1]
 2004[05] (iB)[1700900, 1]
 2004[05] (iB)[1700901, 1]
 2004[05] (iB)[1700902, 1]
 2004[05] (iB)[1700903, 1]
 2004[05] (iB)[1700904, 1]
 2004[05] (iB)[1700905, 1]
 2004[05] (iB)[1700906, 1]
 2004[05] (iB)[1700907, 1]
 2004[05] (iB)[1700908, 1]
 2004[05] (iB)[1700909, 1]

11705081, 1
 0003[00] (bBBi)[-1, 1, 0, 11705085]
 0003[00] (bBBi)[-1, 1, 0, 735]
 0000[00] (bBb)[0, 1, -1]
 1003[01] (BBBi)[1, 0, 0, 735]
 2003[02] (iB)[735, 0]
 2003[02] (iB)[11700050, 0]
 2003[02] (iB)[11705085, 0]
 2003[02] (iB)[5001, 1]
 2004[04] (iB)[1700900, 0]
 2004[04] (iB)[1700901, 0]
 2004[04] (iB)[1700902, 0]
 2004[04] (iB)[1700903, 0]
 2004[04] (iB)[1700904, 0]
 2004[04] (iB)[1700905, 0]
 2004[04] (iB)[1700906, 0]
 2004[04] (iB)[1700907, 0]
 2004[04] (iB)[1700908, 0]
 2004[04] (iB)[1700909, 0]

11705082, 1
 1003[06] (Bb)[0, 1]
 0003[11] (bBBB)[1, 1, 2, 50]
 0003[08] (bBBB)[1, 1, 17, 0]
 0000[00] (bBb)[-1, 1, 1]
 0003[00] (bBBi)[-1, 1, 0, 11700050]
 0000[00] (bBb)[0, 1, -1]
 1001[01] (i)[1]
 0003[11] (bBBB)[2, 1, 2, 50]
 0003[08] (bBBB)[2, 1, 17, 0]
 0000[00] (bBb)[-2, 1, 2]
 0003[00] (bBBi)[-2, 1, 0, 11700050]
 1000[02] (BBb)[1, 0, -2]
 1001[01] (i)[1]
 0003[11] (bBBB)[3, 1, 2, 50]
 0003[08] (bBBB)[3, 1, 17, 0]
 0000[00] (bBb)[-3, 1, 3]
 0003[00] (bBBi)[-3, 1, 0, 11700050]
 1000[02] (BBb)[1, 0, -3]
 1001[01] (i)[1]
 0003[11] (bBBB)[4, 1, 2, 50]
 0003[08] (bBBB)[4, 1, 17, 0]
 0000[00] (bBb)[-4, 1, 4]
 0003[00] (bBBi)[-4, 1, 0, 11700050]
 1000[02] (BBb)[1, 0, -4]
 1001[01] (i)[1]
 0003[11] (bBBB)[5, 1, 2, 50]
 0003[08] (bBBB)[5, 1, 17, 0]
 0000[00] (bBb)[-5, 1, 5]
 0003[00] (bBBi)[-5, 1, 0, 11700050]
 1000[02] (BBb)[1, 0, -5]
 1001[01] (i)[1]
 0003[11] (bBBB)[6, 1, 2, 50]
 0003[08] (bBBB)[6, 1, 17, 0]
 0000[00] (bBb)[-6, 1, 6]
 0003[00] (bBBi)[-6, 1, 0, 11700050]
 1000[02] (BBb)[1, 0, -6]
 2003[02] (iB)[11700050, 1]
 1001[00] (f)[600.0]
 0003[11] (bBBB)[7, 1, 5, 50]
 0003[08] (bBBB)[7, 1, 17, 0]
 1000[02] (BBb)[1, 0, 7]
 2003[02] (iB)[11700050, 0]
 2003[02] (iB)[11705085, 1]

11700085, 0
 1003[01] (BBBi)[4, 0, 0, 11800100]
 2003[02] (iB)[11700086, 1]
 2005[03] (iB)[1701710, 0]
 2006[01] (iB)[1701711, 0]
 1000[04] (B)[0]
 1003[01] (BBBi)[3, 0, 0, 11700086]
 2005[03] (iB)[1701710, 0]
 2006[01] (iB)[1701711, 0]
 1000[04] (B)[0]
 1003[06] (Bb)[0, 1]
 0003[18] (biifhfiBii)[0, 1, 1702610, 0.0, 0, 0.0, 10010410, 48, 0, 1701710]
 2007[03] (iB)[10010630, 1]
 1000[04] (B)[1]

11700000, 1
 1003[02] (BBBi)[0, 1, 1, 0]
 2005[03] (iB)[1701990, 0]
 2006[01] (iB)[1701991, 0]
 2004[05] (iB)[1700800, 0]
 2005[13] (iB)[1701800, 1]
 0003[00] (bBBi)[1, 0, 1, 0]
 0003[06] (bb)[1, 0]
 0003[02] (bBii)[1, 1, 10000, 1702999]
 0000[00] (bBb)[0, 1, 1]
 1003[05] (Bb)[1, 1]
 2009[06] (B)[0]
 2009[04] (i)[1700800]
 2003[02] (iB)[11705390, 1]
 2003[02] (iB)[11705391, 1]
 2003[02] (iB)[11705393, 1]
 0004[03] (bib)[2, 10000, 2]
 1000[01] (BBb)[1, 0, 2]
 0003[00] (bBBi)[0, 1, 0, 703]
 1003[05] (Bb)[2, 2]
 2002[04] (iIiBBi)[170000, 0, 1702801, 17, 0, 10000]
 1000[03] (B)[4]
 1003[05] (Bb)[2, 1]
 2002[04] (iIiBBi)[170000, 2, 1702801, 17, 0, 10000]
 1000[03] (B)[1]
 2002[03] (iIi)[170000, 2, 10000]
 1001[01] (i)[1]
 2005[13] (iB)[1701800, 0]
 2005[03] (iB)[1701990, 1]
 2006[02] (i)[1701991]
 2004[41] (iBii)[1700800, 1, 1702800, -1]
 2004[05] (iB)[1700800, 1]

11705380, 0
 0003[00] (bBBi)[1, 0, 0, 11700000]
 0003[19] (biifhfiBii)[1, 1, 1702898, 0.0, -1, 0.0, 10010403, 48, 0, 1701890]
 0000[00] (bBb)[0, 1, 1]
 2004[14] (ii)[10000, 1702897]
 2003[18] (iiBBB)[10000, 7410, 0, 0, 0]
 1000[04] (B)[1]

11705381, 0
 0003[00] (bBBi)[1, 0, 0, 11700000]
 0003[00] (bBBi)[1, 1, 0, 11705386]
 0004[03] (bib)[1, 10000, 1]
 0003[18] (biifhfiBii)[1, 1, 1702898, 0.0, -1, 0.0, 10010403, 255, 0, 1701890]
 0000[00] (bBb)[0, 1, 1]
 2004[14] (ii)[10000, 1702897]
 2003[18] (iiBBB)[10000, 7410, 0, 0, 0]
 1000[04] (B)[1]

11705386, 0
 1003[01] (BBBi)[3, 1, 1, 0]
 0003[00] (bBBi)[1, 0, 0, 11700000]
 0003[02] (bBii)[1, 1, 10000, 1702896]
 0000[00] (bBb)[0, 1, 1]
 1003[05] (Bb)[1, 1]
 2009[06] (B)[0]
 2009[04] (i)[1700700]

11705382, 0
 2000[02] (B)[0]
 0003[00] (bBBi)[1, 0, 0, 11700000]
 0003[18] (biifhfiBii)[1, 1, 1702895, 0.0, -1, 0.0, 10010404, 255, 0, 1701890]
 0000[00] (bBb)[0, 1, 1]
 2004[14] (ii)[10000, 1702894]
 2003[18] (iiBBB)[10000, 7410, 0, 1, 0]
 2003[11] (bihh)[0, 1700700, 0, 5290]
 1000[04] (B)[1]

11705383, 1
 2004[01] (iB)[1700700, 0]
 0003[00] (bBBi)[1, 0, 0, 11700000]
 0003[00] (bBBi)[1, 1, 0, 11705386]
 0003[02] (bBii)[1, 1, 10000, 1702890]
 0000[00] (bBb)[0, 1, 1]
 2004[01] (iB)[1700700, 1]
 2003[11] (bihh)[1, 1700700, 0, 5290]
 0003[07] (bBi)[0, 0, 1702890]
 1000[04] (B)[1]

11705384, 0
 2000[02] (B)[0]
 2010[03] (iB)[1703801, 0]
 0003[00] (bBBi)[1, 0, 0, 11700000]
 0003[00] (bBBi)[1, 1, 0, 11705386]
 0003[02] (bBii)[1, 1, 10000, 1702890]
 0000[00] (bBb)[0, 1, 1]
 2010[03] (iB)[1703801, 1]
 0003[00] (bBBi)[-1, 1, 0, 11700000]
 0003[02] (bBii)[-1, 0, 10000, 1702890]
 0000[00] (bBb)[0, 1, -1]
 1000[04] (B)[1]

11705385, 1
 2004[12] (iB)[1700700, 1]
 2004[08] (ii)[1700700, 5441]
 2004[08] (ii)[1700700, 5442]
 2004[08] (ii)[1700700, 5443]
 0003[00] (bBBi)[0, 1, 0, 11700000]
 2004[05] (iB)[1700700, 0]
 2005[03] (iB)[1701050, 0]
 2005[03] (iB)[1701890, 0]
 2006[01] (iB)[1701891, 1]

11705390, 0
 0003[00] (bBBi)[1, 0, 0, 14]
 0003[00] (bBBi)[1, 1, 0, 11700000]
 0003[19] (biifhfiBii)[1, 1, 1702998, 0.0, -1, 0.0, 10010403, 48, 0, 1701990]
 0000[00] (bBb)[0, 1, 1]
 1003[05] (Bb)[1, 1]
 2009[06] (B)[0]
 2004[14] (ii)[10000, 1702997]
 2003[18] (iiBBB)[10000, 7410, 0, 1, 0]
 2009[04] (i)[1700800]
 1000[04] (B)[1]

11705391, 0
 0003[00] (bBBi)[1, 0, 0, 14]
 0003[00] (bBBi)[1, 1, 0, 11705393]
 0004[03] (bib)[1, 10000, 1]
 0004[00] (biB)[1, 1700800, 0]
 0003[18] (biifhfiBii)[1, 1, 1702998, 0.0, -1, 0.0, 10010403, 255, 0, 1701990]
 0000[00] (bBb)[0, 1, 1]
 2004[14] (ii)[10000, 1702997]
 2003[18] (iiBBB)[10000, 7410, 0, 0, 0]
 1000[04] (B)[1]

11705393, 0
 1003[01] (BBBi)[8, 1, 1, 0]
 0003[00] (bBBi)[1, 1, 0, 11700000]
 0003[00] (bBBi)[1, 0, 0, 14]
 0003[02] (bBii)[1, 1, 10000, 1702996]
 0003[00] (bBBi)[2, 1, 1, 0]
 0000[00] (bBb)[-1, 1, 1]
 0000[00] (bBb)[-1, 1, 2]
 0000[00] (bBb)[0, 1, -1]
 1000[08] (BBb)[0, 1, 2]
 1003[05] (Bb)[1, 1]
 2009[06] (B)[0]
 2009[04] (i)[1700800]

11705392, 1
 1003[01] (BBBi)[5, 0, 0, 14]
 2004[05] (iB)[1700800, 0]
 2004[04] (iB)[1700800, 0]
 2004[05] (iB)[1700801, 0]
 2004[04] (iB)[1700801, 0]
 1000[04] (B)[0]
 2004[01] (iB)[1700800, 0]
 0003[00] (bBBi)[1, 1, 0, 11705393]
 0003[02] (bBii)[1, 1, 10000, 1702990]
 0000[00] (bBb)[0, 1, 1]
 2004[01] (iB)[1700800, 1]
 2003[11] (bihh)[1, 1700800, 0, 5290]

11700001, 0
 2005[03] (iB)[1701950, 0]
 0004[00] (biB)[0, 1700800, 1]
 2003[02] (iB)[14, 1]
 2003[12] (i)[1700800]
 1003[05] (Bb)[1, 1]
 2003[28] (i)[38]
 2005[03] (iB)[1701990, 0]
 2006[01] (iB)[1701991, 1]
 2006[03] (iiii)[0, 1701950, -1, 90014]
 1001[00] (f)[2.0]
 2005[03] (iB)[1701950, 1]
 2009[03] (iiffi)[11700920, 1701950, 2.0, 180.0, 0]

11705394, 0
 2000[02] (B)[0]
 0003[00] (bBBi)[1, 0, 0, 14]
 0003[00] (bBBi)[1, 1, 0, 11705392]
 1003[05] (Bb)[1, 0]
 0003[00] (bBBi)[1, 1, 0, 11705391]
 0003[02] (bBii)[1, 1, 10000, 1702990]
 0000[00] (bBb)[0, 1, 1]
 2010[03] (iB)[1703800, 1]

11705395, 0
 2000[02] (B)[0]
 0003[00] (bBBi)[1, 1, 0, 14]
 0003[00] (bBBi)[1, 1, 0, 11705394]
 0000[00] (bBb)[0, 1, 1]
 2010[03] (iB)[1703800, 0]

11705396, 1
 2004[08] (ii)[1700800, 5440]
 2004[08] (ii)[1700800, 5441]
 2004[08] (ii)[1700800, 5442]
 2004[08] (ii)[1700800, 5443]
 2004[12] (iB)[1700800, 1]
 2006[04] (iii)[1701800, 100, 170004]
 0005[00] (bBi)[0, 1, 1701800]
 2006[05] (ii)[1703100, 1]
 2003[18] (iiBBB)[1700800, 7000, 0, 0, 0]
 0004[08] (biiB)[0, 1700800, 500, 1]
 2004[21] (ii)[1700800, 5440]
 2004[21] (ii)[1700800, 5441]
 2004[21] (ii)[1700800, 5442]
 2004[21] (ii)[1700800, 5443]
 2004[12] (iB)[1700800, 0]

11705397, 1
 2004[05] (iB)[1700801, 0]
 1003[02] (BBBi)[0, 1, 0, 14]
 1003[01] (BBBi)[4, 0, 1, 0]
 2004[26] (iBB)[1700800, 1, 0]
 2004[27] (iBB)[1700800, 1, 1]
 2004[17] (iiB)[1700800, 20, 0]
 1000[04] (B)[0]
 0004[07] (biB)[0, 1700800, 1]
 2004[22] (ihhiffBB)[1700800, 5290, 1, 330, 1.0, 1.0, 0, 0]
 0004[02] (bibf)[1, 1700800, 2, 0.0]
 0004[06] (biiib)[1, 1700800, 5290, 0, 5]
 0004[02] (bibf)[2, 1700800, 5, 0.0]
 0000[00] (bBb)[-1, 1, 1]
 0000[00] (bBb)[-1, 1, 2]
 0000[00] (bBb)[0, 1, -1]
 1000[08] (BBb)[0, 1, 2]
 2003[18] (iiBBB)[1700800, 8000, 0, 0, 0]
 0004[08] (biiB)[0, 1700800, 400, 1]
 2004[42] (iBiii)[1700801, 2, 1700800, 150, 1700800]
 2004[05] (iB)[1700801, 1]
 2004[26] (iBB)[1700800, 1, 0]
 2004[27] (iBB)[1700800, 1, 1]
 2003[18] (iiBBB)[1700801, 8100, 0, 0, 0]
 2004[17] (iiB)[1700800, 20, 0]
 2004[20] (i)[1700800]
 0004[03] (bib)[-7, 10000, 0]
 0004[03] (bib)[-7, 10000, 8]
 1000[02] (BBb)[0, 0, -7]
 2003[36] (i)[52910000]

11700160, 0
 0003[00] (bBBi)[1, 0, 0, 0]
    ^(4 <- 16, 4)
 0003[05] (biifhfiBi)[1, 0, 0, 60.0, 192, 1.5, 10010501, 255, 0]
    ^(8 <- 4, 4)
 0005[02] (bi)[2, 0]
    ^(4 <- 8, 4)
 0005[02] (bi)[3, 0]
    ^(4 <- 12, 4)
 0000[00] (bBb)[-1, 1, 1]
 0000[00] (bBb)[-1, 1, 2]
 0000[00] (bBb)[-1, 1, 3]
 0000[00] (bBb)[0, 1, -1]
 2003[02] (iB)[0, 1]
    ^(0 <- 16, 4)
 1000[07] (BBb)[2, 1, 3]
 1000[07] (BBb)[9, 1, 2]
 1003[01] (BBBi)[8, 1, 0, 0]
    ^(4 <- 0, 4)
 1000[07] (BBb)[4, 0, 1]
 2004[41] (iBii)[10000, 0, 0, 191]
    ^(8 <- 4, 4)
 2003[18] (iiBBB)[10000, 8000, 0, 0, 0]
 2003[18] (iiBBB)[0, 0, 0, 0, 0]
    ^(0 <- 4, 4)
 1001[01] (i)[105]
 2003[02] (iB)[0, 1]
    ^(0 <- 20, 4)
 0003[00] (bBBi)[0, 0, 0, 0]
    ^(4 <- 16, 4)
 1000[04] (B)[1]
 1000[07] (BBb)[4, 0, 1]
 2004[41] (iBii)[10000, 0, 0, 191]
    ^(8 <- 4, 4)
 2003[18] (iiBBB)[10000, 8000, 0, 0, 0]
 2003[18] (iiBBB)[0, 2, 0, 0, 0]
    ^(0 <- 4, 4)
 1001[01] (i)[105]
 2003[02] (iB)[0, 1]
    ^(0 <- 24, 4)
 0003[00] (bBBi)[0, 0, 0, 0]
    ^(4 <- 16, 4)
 1000[04] (B)[1]

11700105, 0
 1003[01] (BBBi)[4, 0, 0, 0]
    ^(4 <- 0, 4)
 2005[07] (ii)[0, 11]
    ^(0 <- 4, 4)
 2005[06] (iiB)[0, -1, 1]
    ^(0 <- 8, 4)
 2005[06] (iiB)[0, -1, 0]
    ^(0 <- 12, 4)
 1000[03] (B)[2]
 2005[06] (iiB)[0, -1, 0]
    ^(0 <- 8, 4)
 2005[06] (iiB)[0, -1, 1]
    ^(0 <- 12, 4)
 0003[06] (bb)[1, 0]
 0003[00] (bBBi)[1, 1, 0, 0]
    ^(4 <- 20, 4)
 0003[06] (bb)[2, 0]
 0003[00] (bBBi)[2, 1, 0, 0]
    ^(4 <- 24, 4)
 0000[00] (bBb)[-1, 1, 1]
 0000[00] (bBb)[-1, 1, 2]
 0000[00] (bBb)[0, 1, -1]
 2003[02] (iB)[0, 0]
    ^(0 <- 20, 4)
 2003[02] (iB)[0, 0]
    ^(0 <- 24, 4)
 2005[06] (iiB)[0, -1, 0]
    ^(0 <- 8, 4)
 2005[06] (iiB)[0, -1, 0]
    ^(0 <- 12, 4)
 1000[07] (BBb)[5, 1, 2]
 2003[02] (iB)[0, 1]
    ^(0 <- 0, 4)
 2003[18] (iiBBB)[0, 1, 0, 0, 0]
    ^(0 <- 4, 4)
 1001[01] (i)[300]
 2003[02] (iB)[0, 0]
    ^(0 <- 16, 4)
 1000[04] (B)[1]
 2003[02] (iB)[0, 0]
    ^(0 <- 0, 4)
 2003[18] (iiBBB)[0, 3, 0, 0, 0]
    ^(0 <- 4, 4)
 1001[01] (i)[344]
 2003[02] (iB)[0, 0]
    ^(0 <- 16, 4)
 1000[04] (B)[1]

11700090, 0
 2000[02] (B)[0]
 0003[00] (bBBi)[1, 0, 0, 0]
    ^(1 <- 4, 1)
    ^(4 <- 0, 4)
 0003[00] (bBBi)[1, 0, 0, 0]
    ^(4 <- 12, 4)
 0003[05] (biifhfiBi)[1, 0, 0, 60.0, 195, 1.5, 10010501, 255, 0]
    ^(8 <- 8, 4)
 0000[00] (bBb)[0, 1, 1]
 2007[01] (ihhif)[10010170, 1, 6, 0, 3.0]
    ^(8 <- 8, 4)
 1000[04] (B)[1]

11705150, 0
 0003[05] (biifhfiBi)[1, 0, 0, 60.0, 192, 1.5, 10010503, 255, 0]
    ^(8 <- 4, 4)
 0003[05] (biifhfiBi)[2, 0, 0, 60.0, 192, 1.5, 10010503, 255, 0]
    ^(8 <- 8, 4)
 0000[00] (bBb)[-1, 1, 1]
 0000[00] (bBb)[-1, 1, 2]
 0000[00] (bBb)[0, 1, -1]
 1000[07] (BBb)[7, 0, 1]
 2004[41] (iBii)[10000, 0, 0, 191]
    ^(8 <- 4, 4)
 1003[01] (BBBi)[2, 1, 0, 0]
    ^(4 <- 0, 4)
 2003[18] (iiBBB)[0, 0, 0, 0, 0]
    ^(0 <- 4, 4)
 1000[03] (B)[1]
 2003[18] (iiBBB)[0, 2, 0, 0, 0]
    ^(0 <- 4, 4)
 2003[18] (iiBBB)[10000, 8010, 0, 0, 0]
 1001[01] (i)[105]
 1000[07] (BBb)[7, 0, 2]
 2004[41] (iBii)[10000, 0, 0, 191]
    ^(8 <- 8, 4)
 1003[01] (BBBi)[2, 1, 0, 0]
    ^(4 <- 0, 4)
 2003[18] (iiBBB)[0, 0, 0, 0, 0]
    ^(0 <- 8, 4)
 1000[03] (B)[1]
 2003[18] (iiBBB)[0, 2, 0, 0, 0]
    ^(0 <- 8, 4)
 2003[18] (iiBBB)[10000, 8010, 0, 0, 0]
 1001[01] (i)[105]
 2003[02] (iB)[11705151, 1]
 2003[02] (iB)[11705152, 1]
 0003[00] (bBBi)[3, 0, 0, 11705151]
 0003[00] (bBBi)[3, 0, 0, 11705152]
 0000[00] (bBb)[0, 1, 3]
 1000[04] (B)[1]

11700200, 0
 2005[03] (iB)[0, 0]
    ^(0 <- 8, 4)
 1003[01] (BBBi)[5, 1, 0, 0]
    ^(4 <- 0, 4)
 2005[07] (ii)[0, 3]
    ^(0 <- 4, 4)
 2011[01] (iB)[0, 0]
    ^(0 <- 16, 4)
 2003[13] (iIB)[0, 1, 1]
    ^(0 <- 20, 4)
 2003[13] (iIB)[0, 1, 0]
    ^(0 <- 24, 4)
 1000[03] (B)[4]
 2005[07] (ii)[0, 1]
    ^(0 <- 4, 4)
 2011[01] (iB)[0, 0]
    ^(0 <- 12, 4)
 2003[13] (iIB)[0, 1, 0]
    ^(0 <- 20, 4)
 2003[13] (iIB)[0, 1, 1]
    ^(0 <- 24, 4)
 0003[00] (bBBi)[0, 1, 0, 0]
    ^(4 <- 28, 4)
 1003[01] (BBBi)[11, 1, 0, 0]
    ^(4 <- 0, 4)
 2003[18] (iiBBB)[0, 1, 0, 0, 0]
    ^(0 <- 4, 4)
 2011[01] (iB)[0, 0]
    ^(0 <- 12, 4)
 2005[03] (iB)[0, 1]
    ^(0 <- 8, 4)
 2003[13] (iIB)[0, 1, 0]
    ^(0 <- 20, 4)
 2003[18] (iiBBB)[0, 1, 0, 0, 0]
    ^(0 <- 8, 4)
 1001[01] (i)[180]
 2005[03] (iB)[0, 0]
    ^(0 <- 8, 4)
 2011[01] (iB)[0, 1]
    ^(0 <- 16, 4)
 2003[02] (iB)[0, 1]
    ^(0 <- 0, 4)
 2003[02] (iB)[0, 0]
    ^(0 <- 28, 4)
 1000[04] (B)[1]
 2003[18] (iiBBB)[0, 3, 0, 0, 0]
    ^(0 <- 4, 4)
 2011[01] (iB)[0, 0]
    ^(0 <- 16, 4)
 2005[03] (iB)[0, 1]
    ^(0 <- 8, 4)
 2003[13] (iIB)[0, 1, 0]
    ^(0 <- 24, 4)
 2003[18] (iiBBB)[0, 3, 0, 0, 0]
    ^(0 <- 8, 4)
 1001[01] (i)[180]
 2005[03] (iB)[0, 0]
    ^(0 <- 8, 4)
 2011[01] (iB)[0, 1]
    ^(0 <- 12, 4)
 2003[02] (iB)[0, 0]
    ^(0 <- 0, 4)
 2003[02] (iB)[0, 0]
    ^(0 <- 28, 4)
 1000[04] (B)[1]

11700110, 0
 1003[01] (BBBi)[5, 0, 1, 0]
 2005[06] (iiB)[1701111, -1, 0]
 2005[07] (ii)[1701110, 0]
 2005[03] (iB)[1701109, 0]
 2011[01] (iB)[1703220, 0]
 1000[04] (B)[0]
 2005[03] (iB)[1701109, 0]
 2011[01] (iB)[1703221, 0]
 0005[02] (bi)[0, 11700110]
 2011[01] (iB)[1703220, 0]
 2005[03] (iB)[1701109, 1]
 2003[18] (iiBBB)[1701110, 0, 0, 0, 0]
 2003[18] (iiBBB)[1701109, 0, 0, 1, 0]
 2005[03] (iB)[1701109, 0]
 2011[01] (iB)[1703221, 1]

11700120, 0
 1003[01] (BBBi)[4, 0, 2, 0]
 1000[05] (Bbii)[1, 0, 0, 1]
    ^(4 <- 16, 4)
 2005[06] (iiB)[0, -1, 0]
    ^(0 <- 8, 4)
 2005[07] (ii)[0, 0]
    ^(0 <- 4, 4)
    ^(4 <- 12, 4)
 1000[04] (B)[0]
 1000[05] (Bbii)[1, 0, 0, 0]
    ^(4 <- 16, 4)
 0003[00] (bBBi)[-1, 1, 0, 11700140]
 0005[02] (bi)[-1, 0]
    ^(4 <- 0, 4)
 0000[00] (bBb)[0, 1, -1]
 2003[02] (iB)[0, 1]
    ^(0 <- 0, 4)
 2003[18] (iiBBB)[0, 0, 0, 0, 0]
    ^(0 <- 4, 4)
    ^(4 <- 12, 4)

11700150, 0
 0003[07] (bBi)[0, 0, 0]
    ^(4 <- 4, 4)
 2011[01] (iB)[0, 1]
    ^(0 <- 0, 4)
 0003[02] (bBii)[0, 1, 10000, 0]
    ^(8 <- 4, 4)
 2011[01] (iB)[0, 0]
    ^(0 <- 0, 4)
 1000[04] (B)[1]

11705100, 0
 2000[02] (B)[0]
 0003[02] (bBii)[1, 1, 10000, 1702890]
 0003[06] (bb)[1, 0]
 0004[00] (biB)[1, 10000, 1]
 0000[00] (bBb)[0, 1, 1]
 2003[23] (i)[1702900]
 2000[05] (B)[0]

11705101, 0
 0003[06] (bb)[1, 0]
 1003[05] (Bb)[1, 1]
 0003[00] (bBBi)[1, 1, 0, 51700990]
 0003[00] (bBBi)[1, 0, 0, 11705101]
 0003[00] (bBBi)[1, 0, 0, 11700133]
 0003[02] (bBii)[1, 1, 10000, 1702100]
 0003[06] (bb)[2, 0]
 0003[00] (bBBi)[2, 1, 0, 11705106]
 0003[06] (bb)[3, 0]
 0003[00] (bBBi)[3, 1, 0, 11705107]
 0000[00] (bBb)[-1, 1, 1]
 0000[00] (bBb)[-1, 1, 2]
 0000[00] (bBb)[-1, 1, 3]
 0000[00] (bBb)[0, 1, -1]
 2003[02] (iB)[11705106, 0]
 2003[02] (iB)[11705107, 0]
 1003[01] (BBBi)[9, 1, 0, 11700002]
 1000[07] (BBb)[8, 0, 1]
 1003[05] (Bb)[2, 2]
 2002[03] (iIi)[170010, 0, 10000]
 1000[03] (B)[1]
 2002[03] (iIi)[170010, 2, 10000]
 1001[01] (i)[1]
 2003[18] (iiBBB)[1701410, 0, 0, 0, 0]
 2003[02] (iB)[11700002, 1]
 2003[02] (iB)[61700105, 1]
 1000[07] (BBb)[1, 1, 1]
 1000[07] (BBb)[9, 1, 3]
 1003[01] (BBBi)[2, 1, 0, 61700105]
 2000[00] (iII)[0, 11705108, 0]
 1000[04] (B)[1]
 2010[03] (iB)[1703500, 1]
 2003[18] (iiBBB)[1701400, 0, 0, 0, 0]
 1001[01] (i)[150]
 2003[18] (iiBBB)[1701400, 1, 0, 0, 0]
 2000[00] (iII)[0, 11705108, 0]
 1000[04] (B)[1]
 1003[01] (BBBi)[2, 0, 0, 61700105]
 2000[00] (iII)[0, 11705108, 0]
 1000[04] (B)[1]
 2010[03] (iB)[1703500, 0]
 2003[02] (iB)[11700133, 1]
 2003[18] (iiBBB)[1701400, 2, 0, 0, 0]
 1001[01] (i)[50]
 2000[00] (iII)[0, 11705108, 0]
 1000[04] (B)[1]

11705102, 0
 2000[02] (B)[0]
 1003[01] (BBBi)[1, 1, 0, 61700105]
 2010[03] (iB)[1703500, 0]

11705103, 0
 0003[00] (bBBi)[1, 1, 0, 61700105]
 0005[02] (bi)[1, 11705105]
 0003[00] (bBBi)[2, 0, 0, 61700105]
 0005[02] (bi)[2, 11705105]
 0000[00] (bBb)[-1, 1, 1]
 0000[00] (bBb)[-1, 1, 2]
 0000[00] (bBb)[0, 1, -1]
 2003[02] (iB)[11705106, 0]
 2003[02] (iB)[11705107, 0]
 1000[07] (BBb)[2, 1, 2]
 2003[02] (iB)[11705106, 1]
 1000[04] (B)[1]
 2003[02] (iB)[11705107, 1]
 1000[04] (B)[1]

11705108, 0
 2000[02] (B)[0]
 0001[01] (bi)[1, 10]
 0003[08] (bBBB)[1, 1, 17, 0]
 0000[00] (bBb)[0, 1, 1]
 2005[06] (iiB)[1701401, -1, 1]

11705110, 1
 0003[00] (bBBi)[1, 1, 0, 61700105]
 0003[02] (bBii)[-7, 1, 10000, 1702100]
 0003[02] (bBii)[-7, 1, 10000, 1702101]
 0000[00] (bBb)[1, 1, -7]
 0003[00] (bBBi)[2, 1, 0, 61700105]
 0003[07] (bBi)[2, 0, 1702100]
 0003[07] (bBi)[2, 0, 1702101]
 0003[00] (bBBi)[3, 0, 0, 61700105]
 0003[00] (bBBi)[3, 1, 0, 11700002]
 0000[00] (bBb)[-1, 1, 1]
 0000[00] (bBb)[-1, 1, 2]
 0000[00] (bBb)[-1, 1, 3]
 0000[00] (bBb)[0, 1, -1]
 1000[07] (BBb)[8, 0, 1]
 2004[17] (iiB)[0, 1, 0]
    ^(0 <- 0, 4)
 2004[20] (i)[0]
    ^(0 <- 0, 4)
 0003[07] (bBi)[7, 0, 1702100]
 0003[07] (bBi)[7, 0, 1702101]
 0000[00] (bBb)[-2, 1, 7]
 0003[00] (bBBi)[-2, 0, 0, 61700105]
 0000[00] (bBb)[0, 1, -2]
 1000[04] (B)[1]
 1000[07] (BBb)[7, 0, 2]
 2004[17] (iiB)[0, 2, 0]
    ^(0 <- 0, 4)
 2004[20] (i)[0]
    ^(0 <- 0, 4)
 0003[02] (bBii)[-3, 1, 10000, 1702100]
 0003[02] (bBii)[-3, 1, 10000, 1702101]
 0003[00] (bBBi)[-3, 0, 0, 61700105]
 0000[00] (bBb)[0, 1, -3]
 1000[04] (B)[1]
 2004[17] (iiB)[0, 3, 0]
    ^(0 <- 0, 4)
 2004[20] (i)[0]
    ^(0 <- 0, 4)
 0003[00] (bBBi)[0, 1, 0, 61700105]
 1000[04] (B)[1]

11700130, 1
 1003[06] (Bb)[0, 1]
 1003[01] (BBBi)[3, 0, 0, 51700990]
 2004[05] (iB)[1700100, 0]
 2004[04] (iB)[1700100, 0]
 1000[04] (B)[0]
 2004[31] (iB)[1700100, 1]
 2004[10] (iB)[1700100, 0]

11705140, 1
 1003[02] (BBBi)[0, 1, 2, 0]
 0003[00] (bBBi)[0, 1, 0, 11705101]
 2004[13] (ii)[0, 0]
    ^(0 <- 0, 4)
    ^(4 <- 4, 4)
 2004[17] (iiB)[0, 10, 0]
    ^(0 <- 0, 4)
 2004[20] (i)[0]
    ^(0 <- 0, 4)
 0003[00] (bBBi)[-1, 1, 2, 0]
 0003[02] (bBii)[-1, 1, 0, 0]
    ^(4 <- 0, 4)
    ^(8 <- 4, 4)
 0000[00] (bBb)[0, 1, -1]
 2004[16] (i)[0]
    ^(0 <- 0, 4)
 2004[17] (iiB)[0, -1, 0]
    ^(0 <- 0, 4)
 2004[20] (i)[0]
    ^(0 <- 0, 4)

11700140, 0
 1003[01] (BBBi)[2, 0, 1, 0]
 2005[07] (ii)[1701300, 0]
 1000[04] (B)[0]
 0003[04] (bBiB)[1, 3, 2005, 1]
 0003[05] (biifhfiBi)[1, 0, 1701300, 60.0, 100, 1.5, 10010400, 48, 0]
 0003[00] (bBBi)[2, 1, 0, 14]
 0000[00] (bBb)[-1, 1, 1]
 0000[00] (bBb)[-1, 1, 2]
 0000[00] (bBb)[0, 1, -1]
 2003[02] (iB)[405, 0]
 1000[07] (BBb)[2, 1, 2]
 2004[41] (iBii)[10000, 0, 1701300, 120]
 2003[18] (iiBBB)[10000, 7120, 0, 0, 0]
 2003[18] (iiBBB)[1701300, 0, 0, 0, 0]
 1003[06] (Bb)[0, 1]
 2007[01] (ihhif)[10010864, 0, 6, 1701300, 3.0]
 1000[04] (B)[0]

11700141, 0
 2000[02] (B)[0]
 0003[00] (bBBi)[1, 0, 0, 11700140]
 0003[04] (bBiB)[1, 3, 2005, 0]
 0003[05] (biifhfiBi)[1, 0, 1701300, 60.0, 100, 1.5, 10010400, 255, 0]
 0003[00] (bBBi)[2, 0, 0, 11700140]
 0003[05] (biifhfiBi)[2, 0, 1701300, 60.0, 101, 1.5, 10010400, 255, 0]
 0000[00] (bBb)[-1, 1, 1]
 0000[00] (bBb)[-1, 1, 2]
 0000[00] (bBb)[0, 1, -1]
 2007[01] (ihhif)[10010163, 1, 6, 1701300, 3.0]
 1000[04] (B)[1]

11705170, 1
 2000[02] (B)[0]
 1003[06] (Bb)[0, 1]
 2003[02] (iB)[11705170, 0]
 0003[02] (bBii)[0, 1, 10000, 1702402]
 2003[02] (iB)[11705170, 1]
 0003[02] (bBii)[0, 0, 10000, 1702402]
 1000[04] (B)[1]

11705160, 1
 1003[01] (BBBi)[2, 0, 2, 0]
 2004[09] (iiiiii)[0, -1, -1, -1, -1, -1]
    ^(0 <- 0, 4)
 1000[04] (B)[0]
 0003[03] (bBiif)[0, 1, 0, 10000, 0.0]
    ^(4 <- 0, 4)
    ^(12 <- 4, 4)
 2004[09] (iiiiii)[0, -1, -1, 13000, -1, -1]
    ^(0 <- 0, 4)

11705250, 1
 1003[02] (BBBi)[0, 1, 2, 0]
 2004[01] (iB)[0, 0]
    ^(0 <- 4, 4)
 0003[02] (bBii)[-1, 1, 10000, 0]
    ^(8 <- 0, 4)
 0004[01] (bii)[-1, 0, 10000]
    ^(4 <- 4, 4)
 0000[00] (bBb)[0, 1, -1]
 2003[18] (iiBBB)[0, 0, 0, 1, 0]
    ^(0 <- 4, 4)
    ^(4 <- 8, 4)
 2004[01] (iB)[0, 1]
    ^(0 <- 4, 4)

11705270, 1
 1003[02] (BBBi)[0, 1, 2, 0]
 2004[09] (iiiiii)[0, 9000, -1, -1, -1, -1]
    ^(0 <- 0, 4)
 0003[03] (bBiif)[-1, 1, 0, 10000, 0.0]
    ^(4 <- 0, 4)
    ^(12 <- 4, 4)
 0004[01] (bii)[-1, 0, 10000]
    ^(4 <- 0, 4)
 0000[00] (bBb)[0, 1, -1]
 2004[09] (iiiiii)[0, -1, -1, 9060, -1, -1]
    ^(0 <- 0, 4)

11700300, 0
 0005[02] (bi)[0, 0]
    ^(4 <- 0, 4)
 2007[01] (ihhif)[0, 0, 6, 0, 3.0]
    ^(0 <- 4, 4)
    ^(8 <- 8, 4)
 2005[14] (iiiB)[0, -1, 0, 0]
    ^(0 <- 8, 4)
 2005[14] (iiiB)[0, -1, 1, 0]
    ^(0 <- 8, 4)
 2005[14] (iiiB)[0, -1, 2, 0]
    ^(0 <- 8, 4)
 2005[14] (iiiB)[0, -1, 3, 0]
    ^(0 <- 8, 4)

11705200, 1
 2000[00] (iII)[0, 11705240, 1700900]
 2000[00] (iII)[1, 11705240, 1700901]
 2000[00] (iII)[2, 11705240, 1700902]
 2000[00] (iII)[3, 11705240, 1700903]
 2000[00] (iII|III)[0, 11705201, 11705200, 1700300, 1702301, 11705202]
 2000[00] (iII|III)[1, 11705201, 11705201, 1700300, 1702306, 11705202]
 2000[00] (iII|III)[2, 11705201, 11705202, 1700300, 1702305, 11705202]
 2003[02] (iB)[11705210, 1]
 2000[00] (iII|III)[10, 11705201, 11705210, 1700301, 1702311, 11705213]
 2000[00] (iII|III)[11, 11705201, 11705211, 1700301, 1702312, 11705213]
 2000[00] (iII|III)[12, 11705201, 11705212, 1700301, 1702313, 11705213]
 2000[00] (iII|III)[13, 11705201, 11705213, 1700301, 1702314, 11705213]
 2003[02] (iB)[11705220, 1]
 2000[00] (iII|III)[20, 11705201, 11705220, 1700302, 1702321, 11705221]
 2000[00] (iII|III)[21, 11705201, 11705221, 1700302, 1702322, 11705221]

11705240, 1
 2000[02] (B)[0]
 0004[07] (biB)[0, 0, 1]
    ^(4 <- 0, 4)
 2004[17] (iiB)[0, 1, 0]
    ^(0 <- 0, 4)

11705201, 2
 1003[02] (BBBi)[0, 1, 2, 0]
 0003[00] (bBBi)[1, 1, 0, 0]
    ^(4 <- 0, 4)
 0004[08] (biiB)[1, 0, 1000, 1]
    ^(4 <- 4, 4)
 0000[00] (bBb)[0, 1, 1]
 2004[41] (iBii)[0, 1, 0, -1]
    ^(0 <- 4, 4)
    ^(8 <- 8, 4)
 2004[13] (ii)[0, 0]
    ^(0 <- 4, 4)
    ^(4 <- 8, 4)
 2003[18] (iiBBB)[0, 7000, 0, 1, 0]
    ^(0 <- 4, 4)
 1003[01] (BBBi)[1, 0, 0, 0]
    ^(4 <- 12, 4)
 2004[17] (iiB)[0, 1, 0]
    ^(0 <- 4, 4)
 2004[20] (i)[0]
    ^(0 <- 4, 4)

11700810, 1
 1003[01] (BBBi)[3, 0, 2, 0]
 2004[05] (iB)[0, 0]
    ^(0 <- 0, 4)
 2004[04] (iB)[0, 0]
    ^(0 <- 0, 4)
 1000[04] (B)[0]
 0004[00] (biB)[0, 0, 1]
    ^(4 <- 0, 4)
 1000[05] (Bbii)[4, 0, 0, 0]
    ^(4 <- 4, 4)
 0004[03] (bib)[-7, 10000, 0]
 0004[03] (bib)[-7, 10000, 8]
 1000[02] (BBb)[0, 0, -7]
 2003[36] (i)[0]
    ^(0 <- 8, 4)
 1000[04] (B)[0]

11705280, 1
 0004[00] (biB)[0, 0, 0]
    ^(4 <- 0, 4)
 0004[00] (biB)[0, 0, 1]
    ^(4 <- 0, 4)
 0004[03] (bib)[-7, 10000, 0]
 0004[03] (bib)[-7, 10000, 8]
 1000[02] (BBb)[0, 0, -7]
 2003[36] (i)[32300100]

11700600, 0
 1003[01] (BBBi)[4, 0, 2, 0]
 2005[07] (ii)[0, 0]
    ^(0 <- 0, 4)
 2005[06] (iiB)[0, -1, 0]
    ^(0 <- 0, 4)
 2005[04] (iB)[0, 1]
    ^(0 <- 0, 4)
 1000[04] (B)[0]
 2005[04] (iB)[0, 0]
    ^(0 <- 0, 4)
 0005[02] (bi)[0, 0]
    ^(4 <- 4, 4)
 1001[01] (i)[10]
 2005[04] (iB)[0, 1]
    ^(0 <- 0, 4)

11705010, 1
 0004[00] (biB)[1, 0, 0]
    ^(4 <- 0, 4)
 0004[07] (biB)[1, 0, 1]
    ^(4 <- 0, 4)
 0004[05] (biiB)[1, 0, 5421, 1]
    ^(4 <- 0, 4)
 0004[03] (bib)[2, 10000, 2]
 0000[00] (bBb)[1, 0, 2]
 0003[05] (biifhfiBi)[1, 2, 0, 45.0, 7, 1.2000000476837158, 10010400, 255, 0]
    ^(8 <- 0, 4)
 0000[00] (bBb)[0, 1, 1]
 2004[42] (iBiii)[10000, 2, 0, 100, 0]
    ^(8 <- 0, 4)
    ^(16 <- 0, 4)
 2003[18] (iiBBB)[10000, 7521, 0, 0, 0]
 2004[17] (iiB)[0, 10, 0]
    ^(0 <- 0, 4)
 2004[20] (i)[0]
    ^(0 <- 0, 4)
 1001[00] (f)[0.10000000149011612]
 2004[17] (iiB)[0, -1, 0]
    ^(0 <- 0, 4)
 1000[04] (B)[1]

11705020, 1
 0004[05] (biiB)[1, 0, 5420, 0]
    ^(4 <- 0, 4)
 0004[01] (bii)[1, 0, 10000]
    ^(4 <- 0, 4)
 0000[00] (bBb)[0, 1, 1]
 2004[21] (ii)[0, 3150]
    ^(0 <- 0, 4)
 2004[21] (ii)[0, 3151]
    ^(0 <- 0, 4)
 0004[07] (biB)[7, 0, 0]
    ^(4 <- 0, 4)
 1000[02] (BBb)[1, 1, 7]
 0004[05] (biiB)[2, 0, 5421, 1]
    ^(4 <- 0, 4)
 1000[01] (BBb)[1, 0, 2]
 2003[18] (iiBBB)[0, 3001, 0, 1, 0]
    ^(0 <- 0, 4)
 0004[05] (biiB)[3, 0, 5422, 1]
    ^(4 <- 0, 4)
 1000[01] (BBb)[1, 0, 3]
 2003[18] (iiBBB)[0, 3001, 0, 1, 0]
    ^(0 <- 0, 4)
 0004[05] (biiB)[4, 0, 5423, 1]
    ^(4 <- 0, 4)
 1000[01] (BBb)[1, 0, 4]
 2003[18] (iiBBB)[0, 3001, 0, 1, 0]
    ^(0 <- 0, 4)
 0004[05] (biiB)[5, 0, 5424, 1]
    ^(4 <- 0, 4)
 1000[01] (BBb)[1, 0, 5]
 2003[18] (iiBBB)[0, 3006, 0, 1, 0]
    ^(0 <- 0, 4)
 2004[20] (i)[0]
    ^(0 <- 0, 4)
 2004[21] (ii)[0, 3150]
    ^(0 <- 0, 4)
 2004[21] (ii)[0, 3151]
    ^(0 <- 0, 4)
 1000[04] (B)[1]

11705030, 1
 0004[05] (biiB)[1, 0, 5421, 1]
    ^(4 <- 0, 4)
 0004[05] (biiB)[1, 0, 3150, 1]
    ^(4 <- 0, 4)
 0004[05] (biiB)[2, 0, 5420, 1]
    ^(4 <- 0, 4)
 0004[05] (biiB)[2, 0, 3150, 1]
    ^(4 <- 0, 4)
 0000[00] (bBb)[-1, 1, 1]
 0000[00] (bBb)[-1, 1, 2]
 0000[00] (bBb)[0, 1, -1]
 1000[07] (BBb)[5, 1, 2]
 2004[17] (iiB)[0, 200, 0]
    ^(0 <- 0, 4)
 2004[20] (i)[0]
    ^(0 <- 0, 4)
 1001[00] (f)[0.10000000149011612]
 2004[17] (iiB)[0, -1, 0]
    ^(0 <- 0, 4)
 1000[03] (B)[4]
 2004[17] (iiB)[0, 210, 0]
    ^(0 <- 0, 4)
 2004[20] (i)[0]
    ^(0 <- 0, 4)
 1001[00] (f)[0.10000000149011612]
 2004[17] (iiB)[0, -1, 0]
    ^(0 <- 0, 4)
 0004[05] (biiB)[-2, 0, 5420, 1]
    ^(4 <- 0, 4)
 0004[05] (biiB)[-2, 0, 5421, 1]
    ^(4 <- 0, 4)
 0000[00] (bBb)[0, 1, -2]
 1000[04] (B)[1]

11705040, 1
 0004[05] (biiB)[1, 0, 5422, 1]
    ^(4 <- 0, 4)
 0004[05] (biiB)[1, 0, 3150, 0]
    ^(4 <- 0, 4)
 0004[05] (biiB)[2, 0, 5423, 1]
    ^(4 <- 0, 4)
 0004[05] (biiB)[2, 0, 3150, 0]
    ^(4 <- 0, 4)
 0000[00] (bBb)[-1, 1, 1]
 0000[00] (bBb)[-1, 1, 2]
 0000[00] (bBb)[0, 1, -1]
 2004[21] (ii)[0, 3150]
    ^(0 <- 0, 4)
 2004[21] (ii)[0, 3151]
    ^(0 <- 0, 4)
 1000[07] (BBb)[5, 1, 2]
 2004[17] (iiB)[0, 201, 0]
    ^(0 <- 0, 4)
 2004[20] (i)[0]
    ^(0 <- 0, 4)
 1001[00] (f)[0.10000000149011612]
 2004[17] (iiB)[0, -1, 0]
    ^(0 <- 0, 4)
 1000[03] (B)[4]
 2004[17] (iiB)[0, 211, 0]
    ^(0 <- 0, 4)
 2004[20] (i)[0]
    ^(0 <- 0, 4)
 1001[00] (f)[0.10000000149011612]
 2004[17] (iiB)[0, -1, 0]
    ^(0 <- 0, 4)
 0004[05] (biiB)[-2, 0, 5420, 1]
    ^(4 <- 0, 4)
 0004[05] (biiB)[-2, 0, 5421, 1]
    ^(4 <- 0, 4)
 0000[00] (bBb)[0, 1, -2]
 1000[04] (B)[1]

11705050, 1
 0003[06] (bb)[1, 3]
 0003[02] (bBii)[1, 1, 0, 0]
    ^(4 <- 0, 4)
    ^(8 <- 4, 4)
 0004[07] (biB)[1, 0, 0]
    ^(4 <- 0, 4)
 0000[00] (bBb)[0, 1, 1]
 2004[08] (ii)[0, 5421]
    ^(0 <- 0, 4)
 2004[16] (i)[0]
    ^(0 <- 0, 4)
 2004[20] (i)[0]
    ^(0 <- 0, 4)
 2004[41] (iBii)[0, 1, 0, -1]
    ^(0 <- 0, 4)
    ^(8 <- 4, 4)
 0004[07] (biB)[0, 0, 1]
    ^(4 <- 0, 4)
 1000[04] (B)[1]

11700900, 1
 1003[01] (BBBi)[2, 0, 2, 0]
 2004[05] (iB)[0, 0]
    ^(0 <- 0, 4)
 1000[04] (B)[0]
 0004[00] (biB)[0, 0, 1]
    ^(4 <- 0, 4)
 1000[04] (B)[0]

11705060, 1
 1003[06] (Bb)[0, 0]
 0004[07] (biB)[1, 0, 0]
    ^(4 <- 0, 4)
 1000[02] (BBb)[0, 1, 1]
 2004[43] (iB)[0, 1]
    ^(0 <- 0, 4)
 2003[18] (iiBBB)[0, 0, 0, 0, 0]
    ^(0 <- 0, 4)
 2004[20] (i)[0]
    ^(0 <- 0, 4)

11700700, 1
 0004[00] (biB)[0, 1700510, 0]
 1003[02] (BBBi)[0, 1, 0, 11700700]
 0003[21] (bB)[1, 1]
 0004[00] (biB)[1, 1700510, 1]
 0003[00] (bBBi)[1, 1, 0, 11200530]
 0003[00] (bBBi)[1, 0, 0, 1121]
 0000[00] (bBb)[0, 1, 1]
 0004[03] (bib)[-7, 10000, 0]
 0004[03] (bib)[-7, 10000, 8]
 1000[02] (BBb)[0, 0, -7]
 2003[36] (i)[27100200]

11700510, 0
 0004[02] (bibf)[1, 0, 5, 0.8999999761581421]
    ^(4 <- 0, 4)
 0004[02] (bibf)[1, 0, 2, 0.0]
    ^(4 <- 0, 4)
 0004[01] (bii)[1, 0, 10000]
    ^(4 <- 0, 4)
 0003[00] (bBBi)[2, 1, 0, 0]
    ^(4 <- 4, 4)
 0003[00] (bBBi)[2, 1, 2, 0]
 0003[00] (bBBi)[3, 1, 0, 0]
    ^(4 <- 4, 4)
 0003[00] (bBBi)[3, 0, 2, 0]
 0000[00] (bBb)[-1, 1, 1]
 0000[00] (bBb)[-1, 1, 2]
 0000[00] (bBb)[-1, 1, 3]
 0000[00] (bBb)[0, 1, -1]
 1000[07] (BBb)[2, 0, 3]
 2004[05] (iB)[0, 0]
    ^(0 <- 0, 4)
 0003[00] (bBBi)[0, 1, 0, 703]
 2003[02] (iB)[0, 1]
    ^(0 <- 4, 4)
 2004[44] (iB)[0, 9]
    ^(0 <- 0, 4)
 2000[05] (B)[0]

11700520, 0
 1003[01] (BBBi)[2, 0, 2, 0]
 2004[37] (i)[0]
    ^(0 <- 0, 4)
 1000[04] (B)[0]
 0004[02] (bibf)[0, 0, 5, 0.0]
    ^(4 <- 0, 4)
 2003[22] (iiB)[0, 0, 0]
    ^(0 <- 4, 4)
    ^(4 <- 8, 4)
 2003[02] (iB)[0, 1]
    ^(0 <- 12, 4)

11700530, 0
 0003[00] (bBBi)[1, 0, 0, 1096]
 0003[00] (bBBi)[1, 1, 0, 1092]
 0003[02] (bBii)[1, 1, 10000, 1702410]
 0000[00] (bBb)[0, 1, 1]
 2003[22] (iiB)[0, 0, 0]
    ^(0 <- 4, 4)
    ^(4 <- 8, 4)
 2003[02] (iB)[0, 1]
    ^(0 <- 12, 4)
 2003[02] (iB)[11020694, 1]
 2004[05] (iB)[0, 1]
    ^(0 <- 0, 4)
 2003[02] (iB)[61700320, 0]
 2005[07] (ii)[1701506, 1]
 2005[14] (iiiB)[1701506, 27401, 0, 1]
 2005[14] (iiiB)[1701506, 27401, 1, 1]
 2005[14] (iiiB)[1701506, 27401, 2, 0]
 2005[14] (iiiB)[1701506, 27401, 3, 0]

11700531, 0
 0003[00] (bBBi)[1, 0, 0, 1096]
 0003[00] (bBBi)[1, 1, 0, 1093]
 0003[00] (bBBi)[1, 1, 0, 61700320]
 0004[00] (biB)[1, 0, 0]
    ^(4 <- 0, 4)
 0000[00] (bBb)[0, 1, 1]
 2003[22] (iiB)[0, 0, 0]
    ^(0 <- 4, 4)
    ^(4 <- 8, 4)
 2003[02] (iB)[0, 1]
    ^(0 <- 12, 4)
 2003[02] (iB)[11700594, 1]

11700532, 0
 0003[00] (bBBi)[1, 0, 0, 1096]
 0003[00] (bBBi)[1, 1, 0, 1094]
 0003[06] (bb)[1, 0]
 0003[02] (bBii)[1, 0, 10000, 1702410]
 0003[00] (bBBi)[2, 0, 0, 1096]
 0003[00] (bBBi)[2, 1, 0, 1093]
 0003[00] (bBBi)[2, 1, 0, 14]
 0000[00] (bBb)[-1, 1, 1]
 0000[00] (bBb)[-1, 1, 2]
 0000[00] (bBb)[0, 1, -1]
 2003[22] (iiB)[0, 0, 0]
    ^(0 <- 4, 4)
    ^(4 <- 8, 4)
 2003[02] (iB)[0, 1]
    ^(0 <- 12, 4)
 2003[02] (iB)[11700594, 1]
 2004[05] (iB)[0, 1]
    ^(0 <- 0, 4)
 2004[40] (iBiii)[0, 1, 1702501, -1, 1703300]
    ^(0 <- 0, 4)
 0004[07] (biB)[0, 0, 1]
    ^(4 <- 0, 4)
 2004[13] (ii)[0, 1702501]
    ^(0 <- 0, 4)

11700533, 0
 1003[01] (BBBi)[2, 1, 0, 11700595]
 2005[03] (iB)[1701664, 0]
 2005[06] (iiB)[1701664, -1, 0]
 0003[00] (bBBi)[1, 0, 0, 1096]
 0003[00] (bBBi)[1, 0, 1, 0]
 0003[00] (bBBi)[1, 1, 0, 1095]
 0003[00] (bBBi)[1, 1, 0, 14]
 0003[00] (bBBi)[1, 1, 0, 728]
 0003[00] (bBBi)[1, 1, 0, 11700592]
 0003[00] (bBBi)[2, 0, 0, 1096]
 0003[00] (bBBi)[2, 1, 0, 1095]
 0003[00] (bBBi)[2, 1, 1, 0]
 0000[00] (bBb)[-1, 1, 1]
 0000[00] (bBb)[-1, 1, 2]
 0000[00] (bBb)[0, 1, -1]
 1000[08] (BBb)[0, 1, 1]
 2003[22] (iiB)[0, 0, 0]
    ^(0 <- 4, 4)
    ^(4 <- 8, 4)
 2003[02] (iB)[0, 1]
    ^(0 <- 12, 4)
 2004[05] (iB)[0, 0]
    ^(0 <- 0, 4)
 2004[05] (iB)[0, 1]
    ^(0 <- 16, 4)
 2003[02] (iB)[11700595, 1]

11700538, 0
 2004[05] (iB)[1700500, 0]
 0003[00] (bBBi)[1, 0, 0, 1547]
 0003[00] (bBBi)[1, 1, 0, 1540]
 0003[00] (bBBi)[1, 0, 0, 1512]
 0003[00] (bBBi)[1, 0, 0, 1513]
 0003[01] (bBBii)[1, 2, 0, 1501, 1511]
 0004[00] (biB)[1, 0, 0]
    ^(4 <- 0, 4)
 0003[00] (bBBi)[2, 1, 0, 1541]
 0000[00] (bBb)[-1, 1, 1]
 0000[00] (bBb)[-1, 1, 2]
 0000[00] (bBb)[0, 1, -1]
 2003[22] (iiB)[0, 0, 0]
    ^(0 <- 4, 4)
    ^(4 <- 8, 4)
 2003[02] (iB)[0, 1]
    ^(0 <- 12, 4)
 2004[05] (iB)[1700500, 1]
 2004[26] (iBB)[1700500, 1, 1]

11700539, 0
 0003[00] (bBBi)[1, 0, 0, 1547]
 0003[00] (bBBi)[1, 1, 0, 1541]
 0004[00] (biB)[1, 1700500, 1]
 0000[00] (bBb)[0, 1, 1]
 2003[22] (iiB)[0, 0, 0]
    ^(0 <- 4, 4)
    ^(4 <- 8, 4)
 2003[02] (iB)[0, 1]
    ^(0 <- 12, 4)
 2004[42] (iBiii)[0, 2, 1700500, 101, 1700500]
    ^(0 <- 0, 4)
 2004[05] (iB)[0, 1]
    ^(0 <- 0, 4)

11700540, 0
 0003[00] (bBBi)[1, 0, 0, 1547]
 0003[00] (bBBi)[1, 1, 0, 1542]
 0003[00] (bBBi)[1, 1, 0, 11700593]
 0003[00] (bBBi)[1, 0, 1, 0]
 0003[06] (bb)[2, 0]
 0003[00] (bBBi)[2, 0, 0, 1547]
 0003[00] (bBBi)[2, 1, 0, 1542]
 0003[00] (bBBi)[2, 1, 1, 0]
 0000[00] (bBb)[-1, 1, 1]
 0000[00] (bBb)[-1, 1, 2]
 0000[00] (bBb)[0, 1, -1]
 1000[08] (BBb)[0, 1, 1]
 1000[07] (BBb)[2, 1, 2]
 2003[22] (iiB)[0, 0, 0]
    ^(0 <- 4, 4)
    ^(4 <- 8, 4)
 2003[02] (iB)[0, 1]
    ^(0 <- 12, 4)
 2004[05] (iB)[0, 0]
    ^(0 <- 0, 4)

11700545, 0
 0003[00] (bBBi)[1, 0, 0, 1176]
 0003[00] (bBBi)[1, 0, 0, 1179]
 0003[00] (bBBi)[1, 1, 0, 1175]
 0003[00] (bBBi)[1, 1, 0, 724]
 0003[00] (bBBi)[2, 1, 0, 1181]
 0000[00] (bBb)[-1, 1, 1]
 0000[00] (bBb)[-1, 1, 2]
 0000[00] (bBb)[0, 1, -1]
 2003[22] (iiB)[0, 0, 0]
    ^(0 <- 4, 4)
    ^(4 <- 8, 4)
 2003[02] (iB)[0, 1]
    ^(0 <- 12, 4)
 2004[05] (iB)[0, 1]
    ^(0 <- 0, 4)

11702010, 1
 2004[08] (ii)[0, 5421]
    ^(0 <- 4, 4)
 2004[16] (i)[0]
    ^(0 <- 4, 4)
 2004[20] (i)[0]
    ^(0 <- 4, 4)
 2004[05] (iB)[0, 0]
    ^(0 <- 4, 4)
 2004[02] (ib)[0, 2]
    ^(0 <- 8, 4)
 1003[01] (BBBi)[4, 0, 0, 0]
    ^(4 <- 16, 4)
 2005[03] (iB)[0, 0]
    ^(0 <- 0, 4)
 2004[05] (iB)[0, 0]
    ^(0 <- 12, 4)
 2004[04] (iB)[0, 0]
    ^(0 <- 12, 4)
 1000[04] (B)[0]
 2004[05] (iB)[0, 0]
    ^(0 <- 8, 4)
 2005[07] (ii)[0, 0]
    ^(0 <- 0, 4)
 0004[05] (biiB)[1, 10000, 4706, 1]
 0003[05] (biifhfiBi)[1, 0, 0, 180.0, -1, 2.0, 10010350, 48, 0]
    ^(8 <- 0, 4)
 0000[00] (bBb)[0, 1, 1]
 2003[18] (iiBBB)[10000, 7895, 0, 1, 0]
 2003[18] (iiBBB)[10000, 7896, 1, 0, 0]
 1001[00] (f)[1.0]
 2003[18] (iiBBB)[10000, 7897, 0, 0, 0]
 2005[03] (iB)[0, 0]
    ^(0 <- 0, 4)
 2004[05] (iB)[0, 1]
    ^(0 <- 4, 4)
 2004[02] (ib)[0, 2]
    ^(0 <- 4, 4)
 2004[15] (iB)[0, 1]
    ^(0 <- 4, 4)
 2004[30] (iB)[0, 0]
    ^(0 <- 4, 4)
 0004[04] (biiB)[2, 0, 10000, 1]
    ^(4 <- 12, 4)
 0000[00] (bBb)[-1, 1, 2]
 0004[05] (biiB)[3, 0, 5421, 1]
    ^(4 <- 4, 4)
 0004[04] (biiB)[3, 0, 10000, 0]
    ^(4 <- 12, 4)
 0003[03] (bBiif)[3, 1, 0, 0, 2.0]
    ^(4 <- 12, 4)
    ^(8 <- 4, 4)
 0000[00] (bBb)[-1, 1, 3]
 0000[00] (bBb)[0, 1, -1]
 1000[07] (BBb)[4, 0, 2]
 2007[03] (iB)[10010355, 1]
 2005[03] (iB)[0, 1]
    ^(0 <- 0, 4)
 2004[05] (iB)[0, 0]
    ^(0 <- 4, 4)
 1000[04] (B)[1]
 2004[42] (iBiii)[0, 2, 0, 100, 0]
    ^(0 <- 12, 4)
    ^(8 <- 4, 4)
    ^(16 <- 4, 4)
 2003[18] (iiBBB)[0, 7521, 0, 0, 0]
    ^(0 <- 12, 4)
 2004[17] (iiB)[0, 10, 0]
    ^(0 <- 4, 4)
 2004[20] (i)[0]
    ^(0 <- 4, 4)
 1001[00] (f)[0.1]
 2004[17] (iiB)[0, -1, 0]
    ^(0 <- 4, 4)
 0004[00] (biB)[0, 0, 1]
    ^(4 <- 12, 4)
 2003[02] (iB)[0, 1]
    ^(0 <- 16, 4)
 1001[00] (f)[1.0]
 2007[03] (iB)[10010351, 1]
 1001[00] (f)[0.5]
 2004[05] (iB)[0, 0]
    ^(0 <- 4, 4)
 2004[05] (iB)[0, 1]
    ^(0 <- 8, 4)
 2005[03] (iB)[0, 1]
    ^(0 <- 0, 4)

11702000, 1
 2004[15] (iB)[1700675, 1]
 2004[30] (iB)[1700675, 0]
 0003[05] (biifhfiBi)[0, 2, 1700675, 180.0, -1, 3.0, 10010140, 48, 0]
 2003[14] (BBi)[10, 2, -1]
 1001[00] (f)[3.0]
 1000[04] (B)[1]

11702001, 1
 1003[01] (BBBi)[2, 0, 0, 1904]
 2004[05] (iB)[6030, 0]
 1000[04] (B)[0]
 2004[10] (iB)[6030, 0]
 2004[15] (iB)[6030, 1]
 2004[30] (iB)[6030, 0]
 2004[02] (ib)[6030, 2]
 2004[09] (iiiiii)[6030, 7830, -1, -1, -1, -1]
 0003[00] (bBBi)[1, 1, 0, 11702003]
 0003[00] (bBBi)[1, 1, 0, 11702020]
 0003[00] (bBBi)[1, 1, 0, 11702021]
 0003[00] (bBBi)[1, 1, 0, 11702022]
 0003[00] (bBBi)[1, 1, 0, 11702023]
 0003[00] (bBBi)[1, 1, 0, 11702024]
 0003[00] (bBBi)[1, 1, 0, 11702025]
 0000[00] (bBb)[0, 1, 1]
 0003[03] (bBiif)[0, 1, 10000, 6032, 5.0]
 1001[00] (f)[1.0]
 2004[10] (iB)[6030, 1]
 1001[00] (f)[2.0]
 2003[02] (iB)[1904, 1]
 2004[08] (ii)[10000, 4804]
 2007[02] (B)[9]
 1001[00] (f)[5.0]
 2003[14] (BBi)[10, 2, -1]

11702004, 0
 1003[02] (BBBi)[0, 1, 0, 11702007]
 0003[05] (biifhfiBi)[0, 2, 6581, 180.0, -1, 2.0, 10010353, 48, 0]
 0003[04] (bBiB)[1, 1, 440000, 1]
 0003[04] (bBiB)[1, 1, 441000, 1]
 0003[04] (bBiB)[1, 1, 442000, 1]
 0003[04] (bBiB)[1, 1, 443000, 1]
 0003[04] (bBiB)[1, 0, 854000, 1]
 0003[04] (bBiB)[1, 0, 1505000, 1]
 1000[01] (BBb)[8, 0, 1]
 2003[24] (iii)[1, 440000, 0]
 2003[24] (iii)[1, 441000, 0]
 2003[24] (iii)[1, 442000, 0]
 2003[24] (iii)[1, 443000, 0]
 2003[24] (iii)[0, 854000, 0]
 2003[24] (iii)[0, 1505000, 0]
 2003[02] (iB)[11702007, 1]
 1000[03] (B)[3]
 2007[01] (ihhif)[10010354, 1, 6, 6580, 3.0]
 1001[00] (f)[3.0]
 1000[04] (B)[1]

11702002, 1
 2004[02] (ib)[6580, 2]
 2004[02] (ib)[6581, 2]
 1003[01] (BBBi)[3, 0, 0, 1905]
 2004[05] (iB)[6580, 0]
 2004[05] (iB)[6581, 0]
 1000[04] (B)[0]
 2004[05] (iB)[6580, 0]
 0003[00] (bBBi)[0, 1, 0, 11702007]
 2004[05] (iB)[6581, 0]
 2004[05] (iB)[6580, 1]
 0003[00] (bBBi)[0, 1, 0, 11702005]
 2003[02] (iB)[1905, 1]
 2004[08] (ii)[10000, 4805]
 2007[02] (B)[9]
 1001[00] (f)[4.0]
 2004[05] (iB)[6580, 0]

11702005, 1
 2010[03] (iB)[1703500, 0]
 2004[01] (iB)[6580, 0]
 1003[01] (BBBi)[17, 0, 1, 0]
 2004[05] (iB)[1700110, 0]
 2004[05] (iB)[1700111, 0]
 2004[05] (iB)[1700112, 0]
 2004[05] (iB)[1700120, 0]
 2004[05] (iB)[1700116, 0]
 2004[05] (iB)[1700117, 0]
 2004[05] (iB)[1700118, 0]
 2004[05] (iB)[1700113, 0]
 2004[05] (iB)[1700114, 0]
 2004[05] (iB)[1700115, 0]
 2003[02] (iB)[61700320, 1]
 2005[07] (ii)[1701506, 0]
 2005[14] (iiiB)[1701506, 27401, 0, 0]
 2005[14] (iiiB)[1701506, 27401, 1, 0]
 2005[14] (iiiB)[1701506, 27401, 2, 0]
 2005[14] (iiiB)[1701506, 27401, 3, 0]
 1000[04] (B)[0]
 2003[02] (iB)[61700320, 0]
 2005[07] (ii)[1701506, 1]
 2005[14] (iiiB)[1701506, 27401, 0, 1]
 2005[14] (iiiB)[1701506, 27401, 1, 1]
 2005[14] (iiiB)[1701506, 27401, 2, 1]
 2005[14] (iiiB)[1701506, 27401, 3, 1]
 2004[02] (ib)[1700110, 2]
 2004[02] (ib)[1700111, 2]
 2004[02] (ib)[1700112, 2]
 2004[02] (ib)[1700120, 2]
 2004[02] (ib)[1700116, 2]
 2004[02] (ib)[1700117, 2]
 2004[02] (ib)[1700118, 2]
 2004[02] (ib)[1700113, 2]
 2004[02] (ib)[1700114, 2]
 2004[02] (ib)[1700115, 2]
 2004[01] (iB)[1700110, 0]
 2004[01] (iB)[1700111, 0]
 2004[01] (iB)[1700112, 0]
 2004[01] (iB)[1700120, 0]
 2004[01] (iB)[1700116, 0]
 2004[01] (iB)[1700117, 0]
 2004[01] (iB)[1700118, 0]
 2004[01] (iB)[1700113, 0]
 2004[01] (iB)[1700114, 0]
 2004[01] (iB)[1700115, 0]
 0003[00] (bBBi)[1, 1, 0, 61700320]
 0003[00] (bBBi)[1, 1, 0, 11702007]
 0000[00] (bBb)[0, 1, 1]
 2010[03] (iB)[1703500, 1]
 2004[01] (iB)[6580, 1]
 2004[08] (ii)[6580, 4716]
 2004[02] (ib)[1700110, 6]
 2004[02] (ib)[1700111, 6]
 2004[02] (ib)[1700112, 6]
 2004[02] (ib)[1700120, 6]
 2004[02] (ib)[1700116, 6]
 2004[02] (ib)[1700117, 6]
 2004[02] (ib)[1700118, 6]
 2004[02] (ib)[1700113, 6]
 2004[02] (ib)[1700114, 6]
 2004[02] (ib)[1700115, 6]
 2004[01] (iB)[1700110, 1]
 2004[01] (iB)[1700111, 1]
 2004[01] (iB)[1700112, 1]
 2004[01] (iB)[1700120, 1]
 2004[01] (iB)[1700116, 1]
 2004[01] (iB)[1700117, 1]
 2004[01] (iB)[1700118, 1]
 2004[01] (iB)[1700113, 1]
 2004[01] (iB)[1700114, 1]
 2004[01] (iB)[1700115, 1]
 0004[00] (biB)[2, 1700110, 1]
 0004[00] (biB)[2, 1700111, 1]
 0004[00] (biB)[2, 1700112, 1]
 0004[00] (biB)[2, 1700120, 1]
 0004[00] (biB)[2, 1700116, 1]
 0004[00] (biB)[2, 1700117, 1]
 0004[00] (biB)[2, 1700118, 1]
 0004[00] (biB)[2, 1700113, 1]
 0004[00] (biB)[2, 1700114, 1]
 0004[00] (biB)[2, 1700115, 1]
 0000[00] (bBb)[0, 1, 2]
 2010[03] (iB)[1703500, 0]
 0004[00] (biB)[0, 6580, 0]
 1000[04] (B)[0]

11702003, 0
 1003[02] (BBBi)[0, 1, 1, 0]
 0003[05] (biifhfiBi)[0, 2, 6032, 180.0, -1, 3.0, 10010200, 48, 0]
 2007[03] (iB)[10010352, 1]
 1001[00] (f)[1.0]
 2003[36] (i)[4620]

11702006, 0
 0004[05] (biiB)[1, 10000, 4706, 1]
 0003[08] (bBBB)[1, 1, 17, 0]
 0000[00] (bBb)[0, 1, 1]
 2004[08] (ii)[10000, 4707]
 0004[05] (biiB)[-1, 10000, 4706, 0]
 0003[08] (bBBB)[-1, 0, 17, 0]
 0000[00] (bBb)[0, 1, -1]
 2004[21] (ii)[10000, 4707]
 1000[04] (B)[1]